幂法
A的特征值   1019.55
A的特征向量
1 0.0259667 0.0987234 0.854487 0.710382 -0.666431 -0.618212 0.53031 
jacobi
A的特征值
-1020.05 -7.98438e-15 0.0980486 1000 1000 1019.9 1020 1020.05 
无移动QR
A的特征值
-1020 -8.38302e-14 0.0980486 1000 1000 1019.9 1020 1020 
移动QR
A的特征值
(-1020.05,0) (-2.17604e-14,0) (0.0980486,0) (899,0) (1000,0) (1000,0) (1020,0) (1020.05,0) 

幂法
B的特征值   1
B的特征向量
-1 0 0 0 0 0 0 0 0 0 
jacobi
B的特征值
0 0 0 0 0 0 0 0 0 1 
无移动QR
B的特征值
0 0 0 0 0 0 0 0 0 1 
移动QR
B的特征值
(0,0) (0,0) (0,0) (0,0) (0,0) (0,0) (0,0) (0,0) (0,0) (1,0) 

幂法
C的特征值   63.4091
C的特征向量
-1 -0.984229 -0.952937 -0.906616 -0.845997 -0.772037 -0.685901 -0.588947 -0.482706 -0.368852 -0.249182 -0.125581 
jacobi
C的特征值
0.25399 0.266481 0.28919 0.325558 0.381966 0.47046 0.615295 0.870745 1.37902 2.61803 7.12012 63.4091 
无移动QR
C的特征值
0.25399 0.266481 0.28919 0.325558 0.381966 0.47046 0.615295 0.870745 1.37902 2.61803 7.12012 63.4091 
移动QR
C的特征值
(0.325558,0) (0.381966,0) (0.615295,0) (0.870745,0) (3,0) (6,0) (7,0) (8,0) (9,0) (10,0) (11,0) (63.4091,0) 

幂法
D的特征值   0.648347
D的特征向量
0.513279 -0.00751226 0.0661228 -0.0692518 0.300057 0.0507661 0.270257 0.322615 -0.184202 0.132974 -0.0915715 -0.193379 0.429398 -1 0.0952946 -0.454709 0.332446 0.164118 0.316038 -0.727056 
jacobi
D的特征值
-1 -1 -1 -1 -1 -1 -1 -1 -1 -1 1 1 1 1 1 1 1 1 1 1 
无移动QR
D的特征值
-0.300869 -0.267261 -0.241278 -0.209906 -0.209906 -0.173844 -0.173844 -0.133899 -0.0459954 -0.0459954 0.0459954 0.0459954 0.133899 0.173844 0.173844 0.209906 0.209906 0.241278 0.267261 0.300869 
移动QR
D的特征值
(-1,0) (-1,0) (-0.300869,0) (-0.267261,0) (-0.241278,0) (-0.209906,0) (-0.209906,0) (-0.173844,0) (-0.133899,0) (-0.0459954,0) (0.0459954,0) (0.133899,0) (0.173844,0) (0.173844,0) (0.209906,0) (0.209906,0) (0.241278,0) (0.267261,0) (0.300869,0) (1,0) 

幂法
E的特征值   26.4272
E的特征向量
0.0568668 0.0672139 0.0783504 0.0903047 0.103104 0.116775 0.131341 0.146824 0.163244 0.180619 0.198961 0.218281 0.238586 0.259876 0.282149 0.305395 0.329601 0.354742 0.380792 0.407712 0.435457 0.463972 0.493191 0.523037 0.553423 0.584248 0.615398 0.646744 0.678143 0.709435 0.740442 0.770969 0.800804 0.82971 0.857434 0.883697 0.908201 0.930621 0.950608 0.967788 0.98176 0.992095 0.998337 1 0.996569 0.987499 0.972214 0.950108 0.920543 0.825984 
jacobi
E的特征值
-48.8093 -0.320909 1.4761 1.89118 1.98765 2.01113 2.01925 2.02045 2.02089 2.0214 2.02195 2.02245 2.02305 2.02352 2.02422 2.02498 2.0257 2.02649 2.02732 2.0282 2.02888 2.02998 2.03118 2.03186 2.03313 2.03432 2.03585 2.03733 2.03831 2.04067 2.0426 2.04496 2.04695 2.04945 2.05249 2.05576 2.05973 2.06409 2.06933 2.07496 2.08231 2.09093 2.10099 2.11552 2.13571 2.16296 2.20071 2.28117 2.43535 2.92686 
无移动QR
E的特征值
-11.8554 -6.09482 -0.520901 0.807304 1.0835 1.24869 1.29036 1.42508 1.44979 1.45363 1.45446 1.472 1.47419 1.48034 1.48271 1.48657 1.48701 1.48853 1.49046 1.49071 1.49083 1.49115 1.49177 1.49351 1.49447 1.49466 1.4952 1.49522 1.49569 1.49585 1.49586 1.49708 1.49724 1.49724 1.49726 1.49748 1.49774 1.49811 1.49824 1.49828 1.49828 1.49835 1.49892 1.49914 1.49916 1.49923 1.49982 1.49996 1.5 1.5 
移动QR
E的特征值
(-8.97509,9.48522) (-8.97509,-9.48522) (0.143202,5.93676) (0.143202,-5.93676) (1.1661,-3.49208) (1.1661,3.49208) (1.372,-2.42128) (1.372,2.42128) (1.43744,-1.8353) (1.43744,1.8353) (1.46433,-1.46571) (1.46433,1.46571) (1.47736,1.21021) (1.47736,-1.21021) (1.48444,-1.02194) (1.48444,1.02194) (1.48864,-0.876522) (1.48864,0.876522) (1.4913,-0.760044) (1.4913,0.760044) (1.49308,-0.663974) (1.49308,0.663974) (1.49431,-0.582801) (1.49431,0.582801) (1.49521,0.512797) (1.49521,-0.512797) (1.49587,-0.451349) (1.49587,0.451349) (1.49637,-0.396566) (1.49637,0.396566) (1.49675,-0.347043) (1.49675,0.347043) (1.49705,-0.301709) (1.49705,0.301709) (1.49729,-0.25973) (1.49729,0.25973) (1.49747,0.220439) (1.49747,-0.220439) (1.49762,-0.183296) (1.49762,0.183296) (1.49773,-0.147848) (1.49773,0.147848) (1.49782,-0.113713) (1.49782,0.113713) (1.49788,-0.0805535) (1.49788,0.0805535) (1.49792,-0.0480684) (1.49792,0.0480684) (1.49794,-0.0159793) (1.49794,0.0159793) 

