幂法
A的特征值   1019.55
A的特征向量
1 0.0259667 0.0987234 0.854487 0.710382 -0.666431 -0.618212 0.53031 
jacobi
A的特征值
-1020.05 -7.98438e-15 0.0980486 1000 1000 1019.9 1020 1020.05 
无移动QR
A的特征值
-1020 -8.38302e-14 0.0980486 1000 1000 1019.9 1020 1020 
移动QR
A的特征值
(-1020.05,0) (1.38853e-09,0) (0.0980486,0) (611,0) (1000,0) (1000,0) (1019.9,0) (1020,0) 
hessen_berg形式
         611      1259.89      298.345      2051.34      -89.026      101.635       -27.25           29
         196      399.408      -144.36      615.819     -257.665      363.423          -41          -44
           0       20.808      999.983      1606.54      23.8349     -64.0153      6.83673      8.89796
           0            0      12.3947     -1009.79      645.562     -911.307        118.6      57.5811
-8.88178e-16            0            0     -31.1084      53681.7     -77330.5      9929.93      4845.14
 2.81406e-16            0            0            0      36557.1     -52662.2      6893.25      3363.82
 5.10833e-15            0 -2.27374e-13            0            0   0.00325506       1019.9     -80.1853
 1.33227e-15            0   1.7053e-13            0            0            0 -6.73432e-08         1000
幂法
B的特征值   1.75192
B的特征向量
1 0.608992 0.453138 0.365286 0.307753 0.266725 0.235801 0.211564 0.192005 0.17586 
jacobi
B的特征值
1.09317e-13 2.26674e-11 2.14744e-09 1.22897e-07 4.72969e-06 0.00012875 0.00253089 0.0357418 0.34293 1.75192 
无移动QR
B的特征值
1.09325e-13 2.26674e-11 2.14744e-09 1.22897e-07 4.72969e-06 0.00012875 0.00253089 0.0357418 0.34293 1.75192 
移动QR
B的特征值
(1.09325e-13,0) (2.26675e-11,0) (0.0666667,0) (0.0769231,0) (0.0909091,0) (0.111111,0) (0.142857,0) (0.2,0) (0.333333,0) (1.75192,0) 
hessen_berg形式
           1      1.09954      1.72745      2.49697      3.08204      3.11839      2.47035      1.43389     0.541854          0.1
         0.5     0.818182      1.43986      2.16916      2.72972      2.79129      2.22544      1.29714     0.491584    0.0909091
           0     0.113636     0.280466     0.475068     0.631929     0.666393     0.541435     0.319529     0.122139    0.0227273
           0            0    0.0127449    0.0323947    0.0512821    0.0594234     0.051133    0.0313347    0.0122939     0.002331
           0            0            0  0.000817736   0.00211291   0.00307632     0.003019   0.00201222  0.000836069  0.000165153
           0            0            0            0  3.90685e-05  9.64798e-05  0.000122446  9.51609e-05  4.37531e-05  9.27848e-06
           0            0            0            0            0  1.37868e-06  3.04019e-06  3.11599e-06  1.69731e-06   4.0351e-07
           0            0            0            0            0            0  3.47623e-08  6.30051e-08   4.5931e-08  1.30965e-08
           0            0            0            0            0            0            0  5.92853e-10  7.74551e-10  2.98966e-10
           0            0            0            0            0            0 -5.29396e-23            0  6.13193e-12  4.28641e-12
幂法
C的特征值   63.4091
C的特征向量
-1 -0.984229 -0.952937 -0.906616 -0.845997 -0.772037 -0.685901 -0.588947 -0.482706 -0.368852 -0.249182 -0.125581 
jacobi
C的特征值
0.25399 0.266481 0.28919 0.325558 0.381966 0.47046 0.615295 0.870745 1.37902 2.61803 7.12012 63.4091 
无移动QR
C的特征值
0.25399 0.266481 0.28919 0.325558 0.381966 0.47046 0.615295 0.870745 1.37902 2.61803 7.12012 63.4091 
移动QR
C的特征值
(0.25399,0) (0.266481,0) (0.28919,0) (0.325558,0) (5,0) (6,0) (7,0) (8,0) (9,0) (10,0) (11,0) (63.4091,0) 
hessen_berg形式
          12           46        101.2        151.8      168.667      145.667      100.846      57.1462      26.8923      10.6154      3.53846            1
          11           46        101.2        151.8      168.667      145.667      100.846      57.1462      26.8923      10.6154      3.53846            1
           0      3.18182          9.2         13.8      15.3333      13.2424      9.16783       5.1951      2.44476     0.965035     0.321678    0.0909091
           0            0      1.62857      3.94286      4.38095      3.78355      2.61938      1.48432     0.698501     0.275724    0.0919081     0.025974
           0 -8.88178e-16            0     0.971429      2.19048      1.89177      1.30969     0.742158     0.349251     0.137862     0.045954     0.012987
           0  2.61779e-15            0            0     0.614035      1.39394     0.965035     0.546853     0.257343     0.101583    0.0338609   0.00956938
           0 -3.16316e-15            0            0            0     0.393939     0.965035     0.546853     0.257343     0.101583    0.0338609   0.00956938
           0  8.98261e-16            0            0            0            0     0.248869     0.707692     0.333032      0.13146      0.04382    0.0123839
           0  2.29057e-15            0            0            0            0            0         0.15     0.541176     0.213622    0.0712074    0.0201238
           0 -3.01816e-15  8.88178e-16            0            0            0            0            0    0.0823529     0.427245     0.142415    0.0402477
           0  1.41476e-15 -2.28389e-15            0            0            0            0            0 -2.77556e-17     0.037594     0.345865    0.0977444
           0 -2.00099e-16  1.31763e-15            0            0            0            0            0  4.27009e-17            0     0.010989     0.285714
幂法
D的特征值   0.648347
D的特征向量
0.513279 -0.00751226 0.0661228 -0.0692518 0.300057 0.0507661 0.270257 0.322615 -0.184202 0.132974 -0.0915715 -0.193379 0.429398 -1 0.0952946 -0.454709 0.332446 0.164118 0.316038 -0.727056 
jacobi
D的特征值
-1 -1 -1 -1 -1 -1 -1 -1 -1 -1 1 1 1 1 1 1 1 1 1 1 
无移动QR
D的特征值
-0.300869 -0.267261 -0.241278 -0.209906 -0.209906 -0.173844 -0.173844 -0.133899 -0.0459954 -0.0459954 0.0459954 0.0459954 0.133899 0.173844 0.173844 0.209906 0.209906 0.241278 0.267261 0.300869 
移动QR
D的特征值
(-0.300869,0) (-0.173844,0) (-0.0459954,0) (-nan,0) (-0.267261,0) (-0.241278,0) (-0.209906,0) (-0.209906,0) (-0.173844,0) (-0.133899,0) (-0.0459954,0) (0.0459954,0) (0.133899,0) (0.173844,0) (0.173844,0) (0.209906,0) (0.209906,0) (0.241278,0) (0.267261,0) (0.300869,0) 
hessen_berg形式
-nan -nan -nan -nan -nan -nan -nan -nan -nan -nan -nan -nan -nan -nan -nan -nan -nan -nan -nan -nan
-nan -nan -nan -nan -nan -nan -nan -nan -nan -nan -nan -nan -nan -nan -nan -nan -nan -nan -nan -nan
-nan -nan -nan -nan -nan -nan -nan -nan -nan -nan -nan -nan -nan -nan -nan -nan -nan -nan -nan -nan
-nan -nan -nan -nan -nan -nan -nan -nan -nan -nan -nan -nan -nan -nan -nan -nan -nan -nan -nan -nan
-nan -nan -nan -nan -nan -nan -nan -nan -nan -nan -nan -nan -nan -nan -nan -nan -nan -nan -nan -nan
-nan -nan -nan -nan -nan -nan -nan -nan -nan -nan -nan -nan -nan -nan -nan -nan -nan -nan -nan -nan
-nan -nan -nan -nan -nan -nan -nan -nan -nan -nan -nan -nan -nan -nan -nan -nan -nan -nan -nan -nan
-nan -nan -nan -nan -nan -nan -nan -nan -nan -nan -nan -nan -nan -nan -nan -nan -nan -nan -nan -nan
-nan -nan -nan -nan -nan -nan -nan -nan -nan -nan -nan -nan -nan -nan -nan -nan -nan -nan -nan -nan
-nan -nan -nan -nan -nan -nan -nan -nan -nan -nan -nan -nan -nan -nan -nan -nan -nan -nan -nan -nan
-nan -nan -nan -nan -nan -nan -nan -nan -nan -nan -nan -nan -nan -nan -nan -nan -nan -nan -nan -nan
-nan -nan -nan -nan -nan -nan -nan -nan -nan -nan -nan -nan -nan -nan -nan -nan -nan -nan -nan -nan
-nan -nan -nan -nan -nan -nan -nan -nan -nan -nan -nan -nan -nan -nan -nan -nan -nan -nan -nan -nan
-nan -nan -nan -nan -nan -nan -nan -nan -nan -nan -nan -nan -nan -nan -nan -nan -nan -nan -nan -nan
-nan -nan -nan -nan -nan -nan -nan -nan -nan -nan -nan -nan -nan -nan -nan -nan -nan -nan -nan -nan
-nan -nan -nan -nan -nan -nan -nan -nan -nan -nan -nan -nan -nan -nan -nan -nan -nan -nan -nan -nan
-nan -nan -nan -nan -nan -nan -nan -nan -nan -nan -nan -nan -nan -nan -nan -nan -nan -nan -nan -nan
-nan -nan -nan -nan -nan -nan -nan -nan -nan -nan -nan -nan -nan -nan -nan -nan -nan -nan -nan -nan
-nan -nan -nan -nan -nan -nan -nan -nan -nan -nan -nan -nan -nan -nan -nan -nan -nan -nan -nan -nan
-nan -nan -nan -nan -nan -nan -nan -nan -nan -nan -nan -nan -nan -nan -nan -nan -nan -nan -nan -nan
幂法
E的特征值   26.4272
E的特征向量
0.0568668 0.0672139 0.0783504 0.0903047 0.103104 0.116775 0.131341 0.146824 0.163244 0.180619 0.198961 0.218281 0.238586 0.259876 0.282149 0.305395 0.329601 0.354742 0.380792 0.407712 0.435457 0.463972 0.493191 0.523037 0.553423 0.584248 0.615398 0.646744 0.678143 0.709435 0.740442 0.770969 0.800804 0.82971 0.857434 0.883697 0.908201 0.930621 0.950608 0.967788 0.98176 0.992095 0.998337 1 0.996569 0.987499 0.972214 0.950108 0.920543 0.825984 
jacobi
E的特征值
-48.8093 -0.320909 1.4761 1.89118 1.98765 2.01113 2.01925 2.02045 2.02089 2.0214 2.02195 2.02245 2.02305 2.02352 2.02422 2.02498 2.0257 2.02649 2.02732 2.0282 2.02888 2.02998 2.03118 2.03186 2.03313 2.03432 2.03585 2.03733 2.03831 2.04067 2.0426 2.04496 2.04695 2.04945 2.05249 2.05576 2.05973 2.06409 2.06933 2.07496 2.08231 2.09093 2.10099 2.11552 2.13571 2.16296 2.20071 2.28117 2.43535 2.92686 
无移动QR
E的特征值
-11.8554 -6.09482 -0.520901 0.807304 1.0835 1.24869 1.29036 1.42508 1.44979 1.45363 1.45446 1.472 1.47419 1.48034 1.48271 1.48657 1.48701 1.48853 1.49046 1.49071 1.49083 1.49115 1.49177 1.49351 1.49447 1.49466 1.4952 1.49522 1.49569 1.49585 1.49586 1.49708 1.49724 1.49724 1.49726 1.49748 1.49774 1.49811 1.49824 1.49828 1.49828 1.49835 1.49892 1.49914 1.49916 1.49923 1.49982 1.49996 1.5 1.5 
移动QR
E的特征值
(-8.97509,9.48522) (-8.97509,-9.48522) (0.00563324,0) (0.143202,-5.93676) (0.143202,5.93676) (0.157384,0) (0.216033,0.56116) (0.216033,-0.56116) (0.378797,0.802507) (0.378797,-0.802507) (0.48454,0.980756) (0.48454,-0.980756) (0.629004,1.17637) (0.629004,-1.17637) (0.792501,1.34937) (0.792501,-1.34937) (0.981511,-1.49639) (0.981511,1.49639) (1,0) (1,0) (1,0) (1,0) (1.1661,3.49208) (1.1661,-3.49208) (1.18814,-1.61714) (1.18814,1.61714) (1.372,-2.42128) (1.372,2.42128) (1.42976,-1.70217) (1.42976,1.70217) (1.43869,-1.83069) (1.43869,1.83069) (1.67524,-1.63954) (1.67524,1.63954) (1.87886,-1.53476) (1.87886,1.53476) (2.06639,-1.40404) (2.06639,1.40404) (2.23548,-1.25001) (2.23548,1.25001) (2.38329,-1.07526) (2.38329,1.07526) (2.50813,-0.883088) (2.50813,0.883088) (2.60012,0) (2.60574,-0.676123) (2.60574,0.676123) (2.6774,0.457441) (2.6774,-0.457441) (2.73475,0) 
hessen_berg形式
           1            1           49         1177        18473       213053  1.92536e+06  1.41969e+07  8.78259e+07  4.65175e+08  2.14228e+09    8.683e+09  3.12782e+10  1.00947e+11  2.93875e+11  7.76196e+11  1.86946e+12   4.1243e+12  8.36873e+12  1.56786e+13  2.72204e+13  4.39561e+13  6.62703e+13   9.3656e+13  1.24614e+14  1.56861e+14  1.87819e+14  2.15205e+14  2.37519e+14  2.54255e+14  2.65796e+14  2.73106e+14  2.77351e+14  2.79606e+14  2.80699e+14  2.81181e+14  2.81374e+14  2.81444e+14  2.81466e+14  2.81473e+14  2.81475e+14  2.81475e+14  2.81475e+14  2.81475e+14  2.81475e+14  2.81475e+14  2.81475e+14  2.81475e+14  2.81475e+14            1
          -1            2           49         1177        18473       213053  1.92536e+06  1.41969e+07  8.78259e+07  4.65175e+08  2.14228e+09    8.683e+09  3.12782e+10  1.00947e+11  2.93875e+11  7.76196e+11  1.86946e+12   4.1243e+12  8.36873e+12  1.56786e+13  2.72204e+13  4.39561e+13  6.62703e+13   9.3656e+13  1.24614e+14  1.56861e+14  1.87819e+14  2.15205e+14  2.37519e+14  2.54255e+14  2.65796e+14  2.73106e+14  2.77351e+14  2.79606e+14  2.80699e+14  2.81181e+14  2.81374e+14  2.81444e+14  2.81466e+14  2.81473e+14  2.81475e+14  2.81475e+14  2.81475e+14  2.81475e+14  2.81475e+14  2.81475e+14  2.81475e+14  2.81475e+14  2.81475e+14            1
           0           -1            1            0            0            0            0            0            0            0            0            0            0            0            0            0            0            0            0            0            0            0            0            0            0            0            0            0            0            0            0            0            0            0            0            0            0            0            0            0            0            0            0            0            0            0            0            0            0            0
           0            0           -1            1            0            0            0            0            0            0            0            0            0            0            0            0            0            0            0            0            0            0            0            0            0            0            0            0            0            0            0            0            0            0            0            0            0            0            0            0            0            0            0            0            0            0            0            0            0            0
           0            0            0           -1            1            0            0            0            0            0            0            0            0            0            0            0            0            0            0            0            0            0            0            0            0            0            0            0            0            0            0            0            0            0            0            0            0            0            0            0            0            0            0            0            0            0            0            0            0            0
           0            0            0            0           -1            1            0            0            0            0            0            0            0            0            0            0            0            0            0            0            0            0            0            0            0            0            0            0            0            0            0            0            0            0            0            0            0            0            0            0            0            0            0            0            0            0            0            0            0            0
           0            0            0            0            0           -1            1            0            0            0            0            0            0            0            0            0            0            0            0            0            0            0            0            0            0            0            0            0            0            0            0            0            0            0            0            0            0            0            0            0            0            0            0            0            0            0            0            0            0            0
           0            0            0            0            0            0           -1            1            0            0            0            0            0            0            0            0            0            0            0            0            0            0            0            0            0            0            0            0            0            0            0            0            0            0            0            0            0            0            0            0            0            0            0            0            0            0            0            0            0            0
           0            0            0            0            0            0            0           -1            1            0            0            0            0            0            0            0            0            0            0            0            0            0            0            0            0            0            0            0            0            0            0            0            0            0            0            0            0            0            0            0            0            0            0            0            0            0            0            0            0            0
           0            0            0            0            0            0            0            0           -1            1            0            0            0            0            0            0            0            0            0            0            0            0            0            0            0            0            0            0            0            0            0            0            0            0            0            0            0            0            0            0            0            0            0            0            0            0            0            0            0            0
           0            0            0            0            0            0            0            0            0           -1            1            0            0            0            0            0            0            0            0            0            0            0            0            0            0            0            0            0            0            0            0            0            0            0            0            0            0            0            0            0            0            0            0            0            0            0            0            0            0            0
           0            0            0            0            0            0            0            0            0            0           -1            1            0            0            0            0            0            0            0            0            0            0            0            0            0            0            0            0            0            0            0            0            0            0            0            0            0            0            0            0            0            0            0            0            0            0            0            0            0            0
           0            0            0            0            0            0            0            0            0            0            0           -1            1            0            0            0            0            0            0            0            0            0            0            0            0            0            0            0            0            0            0            0            0            0            0            0            0            0            0            0            0            0            0            0            0            0            0            0            0            0
           0            0            0            0            0            0            0            0            0            0            0            0           -1            1            0            0            0            0            0            0            0            0            0            0            0            0            0            0            0            0            0            0            0            0            0            0            0            0            0            0            0            0            0            0            0            0            0            0            0            0
           0            0            0            0            0            0            0            0            0            0            0            0            0           -1            1            0            0            0            0            0            0            0            0            0            0            0            0            0            0            0            0            0            0            0            0            0            0            0            0            0            0            0            0            0            0            0            0            0            0            0
           0            0            0            0            0            0            0            0            0            0            0            0            0            0           -1            1            0            0            0            0            0            0            0            0            0            0            0            0            0            0            0            0            0            0            0            0            0            0            0            0            0            0            0            0            0            0            0            0            0            0
           0            0            0            0            0            0            0            0            0            0            0            0            0            0            0           -1            1            0            0            0            0            0            0            0            0            0            0            0            0            0            0            0            0            0            0            0            0            0            0            0            0            0            0            0            0            0            0            0            0            0
           0            0            0            0            0            0            0            0            0            0            0            0            0            0            0            0           -1            1            0            0            0            0            0            0            0            0            0            0            0            0            0            0            0            0            0            0            0            0            0            0            0            0            0            0            0            0            0            0            0            0
           0            0            0            0            0            0            0            0            0            0            0            0            0            0            0            0            0           -1            1            0            0            0            0            0            0            0            0            0            0            0            0            0            0            0            0            0            0            0            0            0            0            0            0            0            0            0            0            0            0            0
           0            0            0            0            0            0            0            0            0            0            0            0            0            0            0            0            0            0           -1            1            0            0            0            0            0            0            0            0            0            0            0            0            0            0            0            0            0            0            0            0            0            0            0            0            0            0            0            0            0            0
           0            0            0            0            0            0            0            0            0            0            0            0            0            0            0            0            0            0            0           -1            1            0            0            0            0            0            0            0            0            0            0            0            0            0            0            0            0            0            0            0            0            0            0            0            0            0            0            0            0            0
           0            0            0            0            0            0            0            0            0            0            0            0            0            0            0            0            0            0            0            0           -1            1            0            0            0            0            0            0            0            0            0            0            0            0            0            0            0            0            0            0            0            0            0            0            0            0            0            0            0            0
           0            0            0            0            0            0            0            0            0            0            0            0            0            0            0            0            0            0            0            0            0           -1            1            0            0            0            0            0            0            0            0            0            0            0            0            0            0            0            0            0            0            0            0            0            0            0            0            0            0            0
           0            0            0            0            0            0            0            0            0            0            0            0            0            0            0            0            0            0            0            0            0            0           -1            1            0            0            0            0            0            0            0            0            0            0            0            0            0            0            0            0            0            0            0            0            0            0            0            0            0            0
           0            0            0            0            0            0            0            0            0            0            0            0            0            0            0            0            0            0            0            0            0            0            0           -1            1            0            0            0            0            0            0            0            0            0            0            0            0            0            0            0            0            0            0            0            0            0            0            0            0            0
           0            0            0            0            0            0            0            0            0            0            0            0            0            0            0            0            0            0            0            0            0            0            0            0           -1            1            0            0            0            0            0            0            0            0            0            0            0            0            0            0            0            0            0            0            0            0            0            0            0            0
           0            0            0            0            0            0            0            0            0            0            0            0            0            0            0            0            0            0            0            0            0            0            0            0            0           -1            1            0            0            0            0            0            0            0            0            0            0            0            0            0            0            0            0            0            0            0            0            0            0            0
           0            0            0            0            0            0            0            0            0            0            0            0            0            0            0            0            0            0            0            0            0            0            0            0            0            0           -1            1            0            0            0            0            0            0            0            0            0            0            0            0            0            0            0            0            0            0            0            0            0            0
           0            0            0            0            0            0            0            0            0            0            0            0            0            0            0            0            0            0            0            0            0            0            0            0            0            0            0           -1            1            0            0            0            0            0            0            0            0            0            0            0            0            0            0            0            0            0            0            0            0            0
           0            0            0            0            0            0            0            0            0            0            0            0            0            0            0            0            0            0            0            0            0            0            0            0            0            0            0            0           -1            1            0            0            0            0            0            0            0            0            0            0            0            0            0            0            0            0            0            0            0            0
           0            0            0            0            0            0            0            0            0            0            0            0            0            0            0            0            0            0            0            0            0            0            0            0            0            0            0            0            0           -1            1            0            0            0            0            0            0            0            0            0            0            0            0            0            0            0            0            0            0            0
           0            0            0            0            0            0            0            0            0            0            0            0            0            0            0            0            0            0            0            0            0            0            0            0            0            0            0            0            0            0           -1            1            0            0            0            0            0            0            0            0            0            0            0            0            0            0            0            0            0            0
           0            0            0            0            0            0            0            0            0            0            0            0            0            0            0            0            0            0            0            0            0            0            0            0            0            0            0            0            0            0            0           -1            1            0            0            0            0            0            0            0            0            0            0            0            0            0            0            0            0            0
           0            0            0            0            0            0            0            0            0            0            0            0            0            0            0            0            0            0            0            0            0            0            0            0            0            0            0            0            0            0            0            0           -1            1            0            0            0            0            0            0            0            0            0            0            0            0            0            0            0            0
           0            0            0            0            0            0            0            0            0            0            0            0            0            0            0            0            0            0            0            0            0            0            0            0            0            0            0            0            0            0            0            0            0           -1            1            0            0            0            0            0            0            0            0            0            0            0            0            0            0            0
           0            0            0            0            0            0            0            0            0            0            0            0            0            0            0            0            0            0            0            0            0            0            0            0            0            0            0            0            0            0            0            0            0            0           -1            1            0            0            0            0            0            0            0            0            0            0            0            0            0            0
           0            0            0            0            0            0            0            0            0            0            0            0            0            0            0            0            0            0            0            0            0            0            0            0            0            0            0            0            0            0            0            0            0            0            0           -1            1            0            0            0            0            0            0            0            0            0            0            0            0            0
           0            0            0            0            0            0            0            0            0            0            0            0            0            0            0            0            0            0            0            0            0            0            0            0            0            0            0            0            0            0            0            0            0            0            0            0           -1            1            0            0            0            0            0            0            0            0            0            0            0            0
           0            0            0            0            0            0            0            0            0            0            0            0            0            0            0            0            0            0            0            0            0            0            0            0            0            0            0            0            0            0            0            0            0            0            0            0            0           -1            1            0            0            0            0            0            0            0            0            0            0            0
           0            0            0            0            0            0            0            0            0            0            0            0            0            0            0            0            0            0            0            0            0            0            0            0            0            0            0            0            0            0            0            0            0            0            0            0            0            0           -1            1            0            0            0            0            0            0            0            0            0            0
           0            0            0            0            0            0            0            0            0            0            0            0            0            0            0            0            0            0            0            0            0            0            0            0            0            0            0            0            0            0            0            0            0            0            0            0            0            0            0           -1            1            0            0            0            0            0            0            0            0            0
           0            0            0            0            0            0            0            0            0            0            0            0            0            0            0            0            0            0            0            0            0            0            0            0            0            0            0            0            0            0            0            0            0            0            0            0            0            0            0            0           -1            1            0            0            0            0            0            0            0            0
           0            0            0            0            0            0            0            0            0            0            0            0            0            0            0            0            0            0            0            0            0            0            0            0            0            0            0            0            0            0            0            0            0            0            0            0            0            0            0            0            0           -1            1            0            0            0            0            0            0            0
           0            0            0            0            0            0            0            0            0            0            0            0            0            0            0            0            0            0            0            0            0            0            0            0            0            0            0            0            0            0            0            0            0            0            0            0            0            0            0            0            0            0           -1            1            0            0            0            0            0            0
           0            0            0            0            0            0            0            0            0            0            0            0            0            0            0            0            0            0            0            0            0            0            0            0            0            0            0            0            0            0            0            0            0            0            0            0            0            0            0            0            0            0            0           -1            1            0            0            0            0            0
           0            0            0            0            0            0            0            0            0            0            0            0            0            0            0            0            0            0            0            0            0            0            0            0            0            0            0            0            0            0            0            0            0            0            0            0            0            0            0            0            0            0            0            0           -1            1            0            0            0            0
           0            0            0            0            0            0            0            0            0            0            0            0            0            0            0            0            0            0            0            0            0            0            0            0            0            0            0            0            0            0            0            0            0            0            0            0            0            0            0            0            0            0            0            0            0           -1            1            0            0            0
           0            0            0            0            0            0            0            0            0            0            0            0            0            0            0            0            0            0            0            0            0            0            0            0            0            0            0            0            0            0            0            0            0            0            0            0            0            0            0            0            0            0            0            0            0            0           -1            1            0            0
           0            0            0            0            0            0            0            0            0            0            0            0            0            0            0            0            0            0            0            0            0            0            0            0            0            0            0            0            0            0            0            0            0            0            0            0            0            0            0            0            0            0            0            0            0            0            0           -1            1            0
           0            0            0            0            0            0            0            0            0            0            0            0            0            0            0            0            0            0            0            0            0            0            0            0            0            0            0            0            0            0            0            0            0            0            0            0            0            0            0            0            0            0            0            0            0            0            0            0 -2.81475e+14            0
幂法
A的特征值   1019.55
A的特征向量
1 0.0259667 0.0987234 0.854487 0.710382 -0.666431 -0.618212 0.53031 
jacobi
A的特征值
-1020.05 -7.98438e-15 0.0980486 1000 1000 1019.9 1020 1020.05 
无移动QR
A的特征值
-1020 -8.38302e-14 0.0980486 1000 1000 1019.9 1020 1020 
移动QR
A的特征值
(-1020.05,0) (1.38853e-09,0) (0.0980486,0) (611,0) (1000,0) (1000,0) (1019.9,0) (1020,0) 
hessen_berg形式
         611      1259.89      298.345      2051.34      -89.026      101.635       -27.25           29
         196      399.408      -144.36      615.819     -257.665      363.423          -41          -44
           0       20.808      999.983      1606.54      23.8349     -64.0153      6.83673      8.89796
           0            0      12.3947     -1009.79      645.562     -911.307        118.6      57.5811
-8.88178e-16            0            0     -31.1084      53681.7     -77330.5      9929.93      4845.14
 2.81406e-16            0            0            0      36557.1     -52662.2      6893.25      3363.82
 5.10833e-15            0 -2.27374e-13            0            0   0.00325506       1019.9     -80.1853
 1.33227e-15            0   1.7053e-13            0            0            0 -6.73432e-08         1000
幂法
B的特征值   1.75192
B的特征向量
1 0.608992 0.453138 0.365286 0.307753 0.266725 0.235801 0.211564 0.192005 0.17586 
jacobi
B的特征值
1.09317e-13 2.26674e-11 2.14744e-09 1.22897e-07 4.72969e-06 0.00012875 0.00253089 0.0357418 0.34293 1.75192 
无移动QR
B的特征值
1.09325e-13 2.26674e-11 2.14744e-09 1.22897e-07 4.72969e-06 0.00012875 0.00253089 0.0357418 0.34293 1.75192 
移动QR
B的特征值
(1.09325e-13,0) (2.26675e-11,0) (0.0666667,0) (0.0769231,0) (0.0909091,0) (0.111111,0) (0.142857,0) (0.2,0) (0.333333,0) (1.75192,0) 
hessen_berg形式
           1      1.09954      1.72745      2.49697      3.08204      3.11839      2.47035      1.43389     0.541854          0.1
         0.5     0.818182      1.43986      2.16916      2.72972      2.79129      2.22544      1.29714     0.491584    0.0909091
           0     0.113636     0.280466     0.475068     0.631929     0.666393     0.541435     0.319529     0.122139    0.0227273
           0            0    0.0127449    0.0323947    0.0512821    0.0594234     0.051133    0.0313347    0.0122939     0.002331
           0            0            0  0.000817736   0.00211291   0.00307632     0.003019   0.00201222  0.000836069  0.000165153
           0            0            0            0  3.90685e-05  9.64798e-05  0.000122446  9.51609e-05  4.37531e-05  9.27848e-06
           0            0            0            0            0  1.37868e-06  3.04019e-06  3.11599e-06  1.69731e-06   4.0351e-07
           0            0            0            0            0            0  3.47623e-08  6.30051e-08   4.5931e-08  1.30965e-08
           0            0            0            0            0            0            0  5.92853e-10  7.74551e-10  2.98966e-10
           0            0            0            0            0            0 -5.29396e-23            0  6.13193e-12  4.28641e-12
幂法
C的特征值   63.4091
C的特征向量
-1 -0.984229 -0.952937 -0.906616 -0.845997 -0.772037 -0.685901 -0.588947 -0.482706 -0.368852 -0.249182 -0.125581 
jacobi
C的特征值
0.25399 0.266481 0.28919 0.325558 0.381966 0.47046 0.615295 0.870745 1.37902 2.61803 7.12012 63.4091 
无移动QR
C的特征值
0.25399 0.266481 0.28919 0.325558 0.381966 0.47046 0.615295 0.870745 1.37902 2.61803 7.12012 63.4091 
移动QR
C的特征值
(0.25399,0) (0.266481,0) (0.28919,0) (0.325558,0) (5,0) (6,0) (7,0) (8,0) (9,0) (10,0) (11,0) (63.4091,0) 
hessen_berg形式
          12           46        101.2        151.8      168.667      145.667      100.846      57.1462      26.8923      10.6154      3.53846            1
          11           46        101.2        151.8      168.667      145.667      100.846      57.1462      26.8923      10.6154      3.53846            1
           0      3.18182          9.2         13.8      15.3333      13.2424      9.16783       5.1951      2.44476     0.965035     0.321678    0.0909091
           0            0      1.62857      3.94286      4.38095      3.78355      2.61938      1.48432     0.698501     0.275724    0.0919081     0.025974
           0 -8.88178e-16            0     0.971429      2.19048      1.89177      1.30969     0.742158     0.349251     0.137862     0.045954     0.012987
           0  2.61779e-15            0            0     0.614035      1.39394     0.965035     0.546853     0.257343     0.101583    0.0338609   0.00956938
           0 -3.16316e-15            0            0            0     0.393939     0.965035     0.546853     0.257343     0.101583    0.0338609   0.00956938
           0  8.98261e-16            0            0            0            0     0.248869     0.707692     0.333032      0.13146      0.04382    0.0123839
           0  2.29057e-15            0            0            0            0            0         0.15     0.541176     0.213622    0.0712074    0.0201238
           0 -3.01816e-15  8.88178e-16            0            0            0            0            0    0.0823529     0.427245     0.142415    0.0402477
           0  1.41476e-15 -2.28389e-15            0            0            0            0            0 -2.77556e-17     0.037594     0.345865    0.0977444
           0 -2.00099e-16  1.31763e-15            0            0            0            0            0  4.27009e-17            0     0.010989     0.285714
幂法
D的特征值   0.648347
D的特征向量
0.513279 -0.00751226 0.0661228 -0.0692518 0.300057 0.0507661 0.270257 0.322615 -0.184202 0.132974 -0.0915715 -0.193379 0.429398 -1 0.0952946 -0.454709 0.332446 0.164118 0.316038 -0.727056 
jacobi
D的特征值
-1 -1 -1 -1 -1 -1 -1 -1 -1 -1 1 1 1 1 1 1 1 1 1 1 
无移动QR
D的特征值
-0.300869 -0.267261 -0.241278 -0.209906 -0.209906 -0.173844 -0.173844 -0.133899 -0.0459954 -0.0459954 0.0459954 0.0459954 0.133899 0.173844 0.173844 0.209906 0.209906 0.241278 0.267261 0.300869 
移动QR
D的特征值
(-0.300869,0) (-0.173844,0) (-0.0459954,0) (-nan,0) (-0.267261,0) (-0.241278,0) (-0.209906,0) (-0.209906,0) (-0.173844,0) (-0.133899,0) (-0.0459954,0) (0.0459954,0) (0.133899,0) (0.173844,0) (0.173844,0) (0.209906,0) (0.209906,0) (0.241278,0) (0.267261,0) (0.300869,0) 
hessen_berg形式
-nan -nan -nan -nan -nan -nan -nan -nan -nan -nan -nan -nan -nan -nan -nan -nan -nan -nan -nan -nan
-nan -nan -nan -nan -nan -nan -nan -nan -nan -nan -nan -nan -nan -nan -nan -nan -nan -nan -nan -nan
-nan -nan -nan -nan -nan -nan -nan -nan -nan -nan -nan -nan -nan -nan -nan -nan -nan -nan -nan -nan
-nan -nan -nan -nan -nan -nan -nan -nan -nan -nan -nan -nan -nan -nan -nan -nan -nan -nan -nan -nan
-nan -nan -nan -nan -nan -nan -nan -nan -nan -nan -nan -nan -nan -nan -nan -nan -nan -nan -nan -nan
-nan -nan -nan -nan -nan -nan -nan -nan -nan -nan -nan -nan -nan -nan -nan -nan -nan -nan -nan -nan
-nan -nan -nan -nan -nan -nan -nan -nan -nan -nan -nan -nan -nan -nan -nan -nan -nan -nan -nan -nan
-nan -nan -nan -nan -nan -nan -nan -nan -nan -nan -nan -nan -nan -nan -nan -nan -nan -nan -nan -nan
-nan -nan -nan -nan -nan -nan -nan -nan -nan -nan -nan -nan -nan -nan -nan -nan -nan -nan -nan -nan
-nan -nan -nan -nan -nan -nan -nan -nan -nan -nan -nan -nan -nan -nan -nan -nan -nan -nan -nan -nan
-nan -nan -nan -nan -nan -nan -nan -nan -nan -nan -nan -nan -nan -nan -nan -nan -nan -nan -nan -nan
-nan -nan -nan -nan -nan -nan -nan -nan -nan -nan -nan -nan -nan -nan -nan -nan -nan -nan -nan -nan
-nan -nan -nan -nan -nan -nan -nan -nan -nan -nan -nan -nan -nan -nan -nan -nan -nan -nan -nan -nan
-nan -nan -nan -nan -nan -nan -nan -nan -nan -nan -nan -nan -nan -nan -nan -nan -nan -nan -nan -nan
-nan -nan -nan -nan -nan -nan -nan -nan -nan -nan -nan -nan -nan -nan -nan -nan -nan -nan -nan -nan
-nan -nan -nan -nan -nan -nan -nan -nan -nan -nan -nan -nan -nan -nan -nan -nan -nan -nan -nan -nan
-nan -nan -nan -nan -nan -nan -nan -nan -nan -nan -nan -nan -nan -nan -nan -nan -nan -nan -nan -nan
-nan -nan -nan -nan -nan -nan -nan -nan -nan -nan -nan -nan -nan -nan -nan -nan -nan -nan -nan -nan
-nan -nan -nan -nan -nan -nan -nan -nan -nan -nan -nan -nan -nan -nan -nan -nan -nan -nan -nan -nan
-nan -nan -nan -nan -nan -nan -nan -nan -nan -nan -nan -nan -nan -nan -nan -nan -nan -nan -nan -nan
幂法
E的特征值   26.4272
E的特征向量
0.0568668 0.0672139 0.0783504 0.0903047 0.103104 0.116775 0.131341 0.146824 0.163244 0.180619 0.198961 0.218281 0.238586 0.259876 0.282149 0.305395 0.329601 0.354742 0.380792 0.407712 0.435457 0.463972 0.493191 0.523037 0.553423 0.584248 0.615398 0.646744 0.678143 0.709435 0.740442 0.770969 0.800804 0.82971 0.857434 0.883697 0.908201 0.930621 0.950608 0.967788 0.98176 0.992095 0.998337 1 0.996569 0.987499 0.972214 0.950108 0.920543 0.825984 
jacobi
E的特征值
-48.8093 -0.320909 1.4761 1.89118 1.98765 2.01113 2.01925 2.02045 2.02089 2.0214 2.02195 2.02245 2.02305 2.02352 2.02422 2.02498 2.0257 2.02649 2.02732 2.0282 2.02888 2.02998 2.03118 2.03186 2.03313 2.03432 2.03585 2.03733 2.03831 2.04067 2.0426 2.04496 2.04695 2.04945 2.05249 2.05576 2.05973 2.06409 2.06933 2.07496 2.08231 2.09093 2.10099 2.11552 2.13571 2.16296 2.20071 2.28117 2.43535 2.92686 
无移动QR
E的特征值
-11.8554 -6.09482 -0.520901 0.807304 1.0835 1.24869 1.29036 1.42508 1.44979 1.45363 1.45446 1.472 1.47419 1.48034 1.48271 1.48657 1.48701 1.48853 1.49046 1.49071 1.49083 1.49115 1.49177 1.49351 1.49447 1.49466 1.4952 1.49522 1.49569 1.49585 1.49586 1.49708 1.49724 1.49724 1.49726 1.49748 1.49774 1.49811 1.49824 1.49828 1.49828 1.49835 1.49892 1.49914 1.49916 1.49923 1.49982 1.49996 1.5 1.5 
移动QR
E的特征值
(-8.97509,9.48522) (-8.97509,-9.48522) (0.00563324,0) (0.143202,-5.93676) (0.143202,5.93676) (0.157384,0) (0.216033,0.56116) (0.216033,-0.56116) (0.378797,0.802507) (0.378797,-0.802507) (0.48454,0.980756) (0.48454,-0.980756) (0.629004,1.17637) (0.629004,-1.17637) (0.792501,1.34937) (0.792501,-1.34937) (0.981511,-1.49639) (0.981511,1.49639) (1,0) (1,0) (1,0) (1,0) (1.1661,3.49208) (1.1661,-3.49208) (1.18814,-1.61714) (1.18814,1.61714) (1.372,-2.42128) (1.372,2.42128) (1.42976,-1.70217) (1.42976,1.70217) (1.43869,-1.83069) (1.43869,1.83069) (1.67524,-1.63954) (1.67524,1.63954) (1.87886,-1.53476) (1.87886,1.53476) (2.06639,-1.40404) (2.06639,1.40404) (2.23548,-1.25001) (2.23548,1.25001) (2.38329,-1.07526) (2.38329,1.07526) (2.50813,-0.883088) (2.50813,0.883088) (2.60012,0) (2.60574,-0.676123) (2.60574,0.676123) (2.6774,0.457441) (2.6774,-0.457441) (2.73475,0) 
hessen_berg形式
           1            1           49         1177        18473       213053  1.92536e+06  1.41969e+07  8.78259e+07  4.65175e+08  2.14228e+09    8.683e+09  3.12782e+10  1.00947e+11  2.93875e+11  7.76196e+11  1.86946e+12   4.1243e+12  8.36873e+12  1.56786e+13  2.72204e+13  4.39561e+13  6.62703e+13   9.3656e+13  1.24614e+14  1.56861e+14  1.87819e+14  2.15205e+14  2.37519e+14  2.54255e+14  2.65796e+14  2.73106e+14  2.77351e+14  2.79606e+14  2.80699e+14  2.81181e+14  2.81374e+14  2.81444e+14  2.81466e+14  2.81473e+14  2.81475e+14  2.81475e+14  2.81475e+14  2.81475e+14  2.81475e+14  2.81475e+14  2.81475e+14  2.81475e+14  2.81475e+14            1
          -1            2           49         1177        18473       213053  1.92536e+06  1.41969e+07  8.78259e+07  4.65175e+08  2.14228e+09    8.683e+09  3.12782e+10  1.00947e+11  2.93875e+11  7.76196e+11  1.86946e+12   4.1243e+12  8.36873e+12  1.56786e+13  2.72204e+13  4.39561e+13  6.62703e+13   9.3656e+13  1.24614e+14  1.56861e+14  1.87819e+14  2.15205e+14  2.37519e+14  2.54255e+14  2.65796e+14  2.73106e+14  2.77351e+14  2.79606e+14  2.80699e+14  2.81181e+14  2.81374e+14  2.81444e+14  2.81466e+14  2.81473e+14  2.81475e+14  2.81475e+14  2.81475e+14  2.81475e+14  2.81475e+14  2.81475e+14  2.81475e+14  2.81475e+14  2.81475e+14            1
           0           -1            1            0            0            0            0            0            0            0            0            0            0            0            0            0            0            0            0            0            0            0            0            0            0            0            0            0            0            0            0            0            0            0            0            0            0            0            0            0            0            0            0            0            0            0            0            0            0            0
           0            0           -1            1            0            0            0            0            0            0            0            0            0            0            0            0            0            0            0            0            0            0            0            0            0            0            0            0            0            0            0            0            0            0            0            0            0            0            0            0            0            0            0            0            0            0            0            0            0            0
           0            0            0           -1            1            0            0            0            0            0            0            0            0            0            0            0            0            0            0            0            0            0            0            0            0            0            0            0            0            0            0            0            0            0            0            0            0            0            0            0            0            0            0            0            0            0            0            0            0            0
           0            0            0            0           -1            1            0            0            0            0            0            0            0            0            0            0            0            0            0            0            0            0            0            0            0            0            0            0            0            0            0            0            0            0            0            0            0            0            0            0            0            0            0            0            0            0            0            0            0            0
           0            0            0            0            0           -1            1            0            0            0            0            0            0            0            0            0            0            0            0            0            0            0            0            0            0            0            0            0            0            0            0            0            0            0            0            0            0            0            0            0            0            0            0            0            0            0            0            0            0            0
           0            0            0            0            0            0           -1            1            0            0            0            0            0            0            0            0            0            0            0            0            0            0            0            0            0            0            0            0            0            0            0            0            0            0            0            0            0            0            0            0            0            0            0            0            0            0            0            0            0            0
           0            0            0            0            0            0            0           -1            1            0            0            0            0            0            0            0            0            0            0            0            0            0            0            0            0            0            0            0            0            0            0            0            0            0            0            0            0            0            0            0            0            0            0            0            0            0            0            0            0            0
           0            0            0            0            0            0            0            0           -1            1            0            0            0            0            0            0            0            0            0            0            0            0            0            0            0            0            0            0            0            0            0            0            0            0            0            0            0            0            0            0            0            0            0            0            0            0            0            0            0            0
           0            0            0            0            0            0            0            0            0           -1            1            0            0            0            0            0            0            0            0            0            0            0            0            0            0            0            0            0            0            0            0            0            0            0            0            0            0            0            0            0            0            0            0            0            0            0            0            0            0            0
           0            0            0            0            0            0            0            0            0            0           -1            1            0            0            0            0            0            0            0            0            0            0            0            0            0            0            0            0            0            0            0            0            0            0            0            0            0            0            0            0            0            0            0            0            0            0            0            0            0            0
           0            0            0            0            0            0            0            0            0            0            0           -1            1            0            0            0            0            0            0            0            0            0            0            0            0            0            0            0            0            0            0            0            0            0            0            0            0            0            0            0            0            0            0            0            0            0            0            0            0            0
           0            0            0            0            0            0            0            0            0            0            0            0           -1            1            0            0            0            0            0            0            0            0            0            0            0            0            0            0            0            0            0            0            0            0            0            0            0            0            0            0            0            0            0            0            0            0            0            0            0            0
           0            0            0            0            0            0            0            0            0            0            0            0            0           -1            1            0            0            0            0            0            0            0            0            0            0            0            0            0            0            0            0            0            0            0            0            0            0            0            0            0            0            0            0            0            0            0            0            0            0            0
           0            0            0            0            0            0            0            0            0            0            0            0            0            0           -1            1            0            0            0            0            0            0            0            0            0            0            0            0            0            0            0            0            0            0            0            0            0            0            0            0            0            0            0            0            0            0            0            0            0            0
           0            0            0            0            0            0            0            0            0            0            0            0            0            0            0           -1            1            0            0            0            0            0            0            0            0            0            0            0            0            0            0            0            0            0            0            0            0            0            0            0            0            0            0            0            0            0            0            0            0            0
           0            0            0            0            0            0            0            0            0            0            0            0            0            0            0            0           -1            1            0            0            0            0            0            0            0            0            0            0            0            0            0            0            0            0            0            0            0            0            0            0            0            0            0            0            0            0            0            0            0            0
           0            0            0            0            0            0            0            0            0            0            0            0            0            0            0            0            0           -1            1            0            0            0            0            0            0            0            0            0            0            0            0            0            0            0            0            0            0            0            0            0            0            0            0            0            0            0            0            0            0            0
           0            0            0            0            0            0            0            0            0            0            0            0            0            0            0            0            0            0           -1            1            0            0            0            0            0            0            0            0            0            0            0            0            0            0            0            0            0            0            0            0            0            0            0            0            0            0            0            0            0            0
           0            0            0            0            0            0            0            0            0            0            0            0            0            0            0            0            0            0            0           -1            1            0            0            0            0            0            0            0            0            0            0            0            0            0            0            0            0            0            0            0            0            0            0            0            0            0            0            0            0            0
           0            0            0            0            0            0            0            0            0            0            0            0            0            0            0            0            0            0            0            0           -1            1            0            0            0            0            0            0            0            0            0            0            0            0            0            0            0            0            0            0            0            0            0            0            0            0            0            0            0            0
           0            0            0            0            0            0            0            0            0            0            0            0            0            0            0            0            0            0            0            0            0           -1            1            0            0            0            0            0            0            0            0            0            0            0            0            0            0            0            0            0            0            0            0            0            0            0            0            0            0            0
           0            0            0            0            0            0            0            0            0            0            0            0            0            0            0            0            0            0            0            0            0            0           -1            1            0            0            0            0            0            0            0            0            0            0            0            0            0            0            0            0            0            0            0            0            0            0            0            0            0            0
           0            0            0            0            0            0            0            0            0            0            0            0            0            0            0            0            0            0            0            0            0            0            0           -1            1            0            0            0            0            0            0            0            0            0            0            0            0            0            0            0            0            0            0            0            0            0            0            0            0            0
           0            0            0            0            0            0            0            0            0            0            0            0            0            0            0            0            0            0            0            0            0            0            0            0           -1            1            0            0            0            0            0            0            0            0            0            0            0            0            0            0            0            0            0            0            0            0            0            0            0            0
           0            0            0            0            0            0            0            0            0            0            0            0            0            0            0            0            0            0            0            0            0            0            0            0            0           -1            1            0            0            0            0            0            0            0            0            0            0            0            0            0            0            0            0            0            0            0            0            0            0            0
           0            0            0            0            0            0            0            0            0            0            0            0            0            0            0            0            0            0            0            0            0            0            0            0            0            0           -1            1            0            0            0            0            0            0            0            0            0            0            0            0            0            0            0            0            0            0            0            0            0            0
           0            0            0            0            0            0            0            0            0            0            0            0            0            0            0            0            0            0            0            0            0            0            0            0            0            0            0           -1            1            0            0            0            0            0            0            0            0            0            0            0            0            0            0            0            0            0            0            0            0            0
           0            0            0            0            0            0            0            0            0            0            0            0            0            0            0            0            0            0            0            0            0            0            0            0            0            0            0            0           -1            1            0            0            0            0            0            0            0            0            0            0            0            0            0            0            0            0            0            0            0            0
           0            0            0            0            0            0            0            0            0            0            0            0            0            0            0            0            0            0            0            0            0            0            0            0            0            0            0            0            0           -1            1            0            0            0            0            0            0            0            0            0            0            0            0            0            0            0            0            0            0            0
           0            0            0            0            0            0            0            0            0            0            0            0            0            0            0            0            0            0            0            0            0            0            0            0            0            0            0            0            0            0           -1            1            0            0            0            0            0            0            0            0            0            0            0            0            0            0            0            0            0            0
           0            0            0            0            0            0            0            0            0            0            0            0            0            0            0            0            0            0            0            0            0            0            0            0            0            0            0            0            0            0            0           -1            1            0            0            0            0            0            0            0            0            0            0            0            0            0            0            0            0            0
           0            0            0            0            0            0            0            0            0            0            0            0            0            0            0            0            0            0            0            0            0            0            0            0            0            0            0            0            0            0            0            0           -1            1            0            0            0            0            0            0            0            0            0            0            0            0            0            0            0            0
           0            0            0            0            0            0            0            0            0            0            0            0            0            0            0            0            0            0            0            0            0            0            0            0            0            0            0            0            0            0            0            0            0           -1            1            0            0            0            0            0            0            0            0            0            0            0            0            0            0            0
           0            0            0            0            0            0            0            0            0            0            0            0            0            0            0            0            0            0            0            0            0            0            0            0            0            0            0            0            0            0            0            0            0            0           -1            1            0            0            0            0            0            0            0            0            0            0            0            0            0            0
           0            0            0            0            0            0            0            0            0            0            0            0            0            0            0            0            0            0            0            0            0            0            0            0            0            0            0            0            0            0            0            0            0            0            0           -1            1            0            0            0            0            0            0            0            0            0            0            0            0            0
           0            0            0            0            0            0            0            0            0            0            0            0            0            0            0            0            0            0            0            0            0            0            0            0            0            0            0            0            0            0            0            0            0            0            0            0           -1            1            0            0            0            0            0            0            0            0            0            0            0            0
           0            0            0            0            0            0            0            0            0            0            0            0            0            0            0            0            0            0            0            0            0            0            0            0            0            0            0            0            0            0            0            0            0            0            0            0            0           -1            1            0            0            0            0            0            0            0            0            0            0            0
           0            0            0            0            0            0            0            0            0            0            0            0            0            0            0            0            0            0            0            0            0            0            0            0            0            0            0            0            0            0            0            0            0            0            0            0            0            0           -1            1            0            0            0            0            0            0            0            0            0            0
           0            0            0            0            0            0            0            0            0            0            0            0            0            0            0            0            0            0            0            0            0            0            0            0            0            0            0            0            0            0            0            0            0            0            0            0            0            0            0           -1            1            0            0            0            0            0            0            0            0            0
           0            0            0            0            0            0            0            0            0            0            0            0            0            0            0            0            0            0            0            0            0            0            0            0            0            0            0            0            0            0            0            0            0            0            0            0            0            0            0            0           -1            1            0            0            0            0            0            0            0            0
           0            0            0            0            0            0            0            0            0            0            0            0            0            0            0            0            0            0            0            0            0            0            0            0            0            0            0            0            0            0            0            0            0            0            0            0            0            0            0            0            0           -1            1            0            0            0            0            0            0            0
           0            0            0            0            0            0            0            0            0            0            0            0            0            0            0            0            0            0            0            0            0            0            0            0            0            0            0            0            0            0            0            0            0            0            0            0            0            0            0            0            0            0           -1            1            0            0            0            0            0            0
           0            0            0            0            0            0            0            0            0            0            0            0            0            0            0            0            0            0            0            0            0            0            0            0            0            0            0            0            0            0            0            0            0            0            0            0            0            0            0            0            0            0            0           -1            1            0            0            0            0            0
           0            0            0            0            0            0            0            0            0            0            0            0            0            0            0            0            0            0            0            0            0            0            0            0            0            0            0            0            0            0            0            0            0            0            0            0            0            0            0            0            0            0            0            0           -1            1            0            0            0            0
           0            0            0            0            0            0            0            0            0            0            0            0            0            0            0            0            0            0            0            0            0            0            0            0            0            0            0            0            0            0            0            0            0            0            0            0            0            0            0            0            0            0            0            0            0           -1            1            0            0            0
           0            0            0            0            0            0            0            0            0            0            0            0            0            0            0            0            0            0            0            0            0            0            0            0            0            0            0            0            0            0            0            0            0            0            0            0            0            0            0            0            0            0            0            0            0            0           -1            1            0            0
           0            0            0            0            0            0            0            0            0            0            0            0            0            0            0            0            0            0            0            0            0            0            0            0            0            0            0            0            0            0            0            0            0            0            0            0            0            0            0            0            0            0            0            0            0            0            0           -1            1            0
           0            0            0            0            0            0            0            0            0            0            0            0            0            0            0            0            0            0            0            0            0            0            0            0            0            0            0            0            0            0            0            0            0            0            0            0            0            0            0            0            0            0            0            0            0            0            0            0 -2.81475e+14            0
