
A
         611      -496.93  -6.8294e-15  -6.2369e-15  3.77331e-15  3.14497e-14 -2.20968e-14 -5.07565e-14
     -496.93      404.336      18.7365 -6.50482e-14  1.55471e-14 -4.30635e-14  4.45992e-14 -2.77304e-14
           0      18.7365      37.0488      1011.31 -4.94515e-14 -4.94153e-14 -3.96307e-14  8.52911e-14
           0            0      1011.31     -52.2933     -0.48701  1.35257e-13 -3.04863e-13 -6.15923e-14
           0            0            0     -0.48701      15.3992     -124.375 -2.90218e-14 -1.10835e-13
           0            0            0            0     -124.375      1004.57   -0.0505805  -1.5412e-13
           0            0            0            0            0   -0.0505805      1019.94 -1.37962e-08
           0            0            0            0            0            0 -1.37961e-08         1000

B
           1    -0.741463 -7.01234e-17 -3.76433e-17  2.31146e-17 -1.60031e-17  5.74341e-18 -3.57513e-18 -7.11139e-18 -9.87426e-18
   -0.741463     0.996713     0.197579 -7.05598e-17  6.98026e-17 -3.12559e-17  1.20434e-17  7.98741e-17 -2.75892e-17  1.51786e-17
           0     0.197579     0.128941   -0.0137956 -2.40108e-17  1.07921e-17  5.65576e-18 -1.78357e-17  5.84123e-18  1.53058e-17
           0            0   -0.0137956    0.0072563  0.000732994  1.01202e-17 -3.55552e-19 -1.64555e-17  2.66828e-18 -4.67635e-18
           0            0            0  0.000732994  0.000333098  3.00019e-05  8.28616e-19  1.33304e-17 -2.13661e-18 -7.33436e-18
           0            0            0            0  3.00019e-05  1.16036e-05  8.97558e-07 -5.21219e-18 -6.23074e-19  1.32203e-18
           0            0            0            0            0  8.97558e-07  2.91648e-07  1.87103e-08 -1.35124e-18 -2.61871e-18
           0            0            0            0            0            0  1.87103e-08  4.97952e-09  2.50037e-10  5.36776e-19
           0            0            0            0            0            0            0  2.50037e-10  5.16674e-11  1.76186e-12
           0            0            0            0            0            0            0            0  1.76186e-12  2.45892e-13

C
          12     -22.4944  2.37761e-15 -2.13129e-15  1.55811e-15 -4.67152e-16 -4.08046e-18  2.42126e-16 -3.64378e-16 -4.69476e-17  8.74762e-17 -1.51229e-16
    -22.4944           53     -5.70088  5.29816e-16  6.34537e-16  6.25268e-16 -6.74952e-17  1.91216e-16   1.3429e-15  1.27024e-15 -2.38276e-15  1.19923e-15
           0     -5.70088            6      1.60963  1.49228e-15 -1.64335e-15 -7.92471e-18  -1.0669e-16 -3.83906e-16 -1.25624e-16 -3.18482e-16 -1.27034e-17
           0            0      1.60963      2.38462     0.728281 -1.87486e-16 -4.95933e-16  4.65716e-16  1.27116e-16  5.42367e-16  3.25826e-16 -3.83533e-16
           0            0            0     0.728281      1.32127     0.397589  3.88465e-16 -3.39179e-16  1.90281e-16  -3.6802e-16 -1.99902e-16   3.0195e-16
           0            0            0            0     0.397589     0.865546    -0.238253  1.51909e-16  1.61699e-16  7.05952e-16 -1.37198e-16 -2.40071e-16
           0            0            0            0            0    -0.238253     0.628571     0.149395 -8.01934e-17  5.91078e-17 -3.53322e-16 -1.41859e-17
           0            0            0            0            0            0     0.149395     0.489655    0.0948065  1.97171e-16 -2.04497e-16  3.23982e-16
           0            0            0            0            0            0            0    0.0948065     0.401254   -0.0588706  1.34235e-17  -6.1015e-17
           0            0            0            0            0            0            0            0   -0.0588706     0.341523    0.0339394  5.72459e-17
           0            0            0            0            0            0            0            0            0    0.0339394     0.299275    0.0158645
           0            0            0            0            0            0            0            0            0            0    0.0158645     0.268293

D
   0.0459954    -0.998942  9.75138e-18 -3.14643e-17  9.01644e-17 -2.26199e-17  6.23182e-19 -3.04252e-17   9.7795e-17  6.88773e-17  5.52682e-17 -8.80281e-18  2.21218e-17  1.49166e-17  -7.3535e-17  1.01258e-18  5.32045e-17 -3.97537e-17  -4.0918e-17  1.40093e-18
   -0.998942   -0.0459954 -1.08624e-15 -2.92555e-17  3.86319e-18  5.14069e-17 -4.84815e-18  3.16962e-17  2.71917e-17  1.12854e-17 -2.87791e-17 -8.84389e-18  3.01423e-17  1.64091e-19 -7.69479e-18 -3.04671e-17 -6.55568e-17 -4.51349e-17  8.00023e-18  1.99035e-17
           0 -1.08133e-15    -0.141137      0.98999  6.06547e-17   4.1835e-17 -8.12696e-17 -1.15843e-16 -2.18322e-17 -5.16839e-17  4.40491e-17 -1.97279e-17 -7.21967e-18 -1.09842e-16  4.38439e-17  1.09848e-18 -5.20416e-17  1.53571e-17 -4.92994e-17  1.10501e-17
           0            0      0.98999     0.141137 -1.48583e-15  4.23306e-17  7.38939e-17  5.94285e-17 -6.87796e-18   5.2217e-17 -3.53949e-17  3.39267e-17  8.44766e-17 -4.05647e-18 -3.59912e-17 -4.83339e-18 -9.26973e-17  2.71053e-17   1.4779e-17 -2.16747e-18
           0            0            0 -1.45664e-15    0.0824179    -0.996598 -1.21948e-16 -7.98685e-17  3.71644e-17  3.59325e-17  3.52578e-17   2.8576e-19 -6.04157e-17 -5.57474e-17  1.57994e-17  1.56663e-16   2.6606e-17  6.74542e-17  5.57289e-17 -4.00844e-18
           0            0            0            0    -0.996598   -0.0824179  1.76726e-15  -1.6407e-17  1.74477e-17 -4.98265e-17 -1.06753e-16   6.6487e-17  -2.2863e-17 -9.43367e-17  1.61555e-16 -4.54205e-17  3.27052e-17  3.52353e-17  7.61235e-18  8.94271e-18
           0            0            0            0            0  1.72933e-15    -0.286299      0.95814  1.08706e-16  6.81965e-17 -1.53788e-17  4.17896e-17 -8.13677e-18   9.5255e-17 -6.88176e-17  -5.3186e-17  -6.7313e-17  -8.0805e-19 -1.03136e-16  1.84513e-17
           0            0            0            0            0            0      0.95814     0.286299  2.07865e-15  9.42106e-17  4.45236e-17 -2.41809e-17  2.02814e-17  1.51675e-17  3.12272e-17 -4.94901e-17  1.04343e-16  1.27945e-16  9.32822e-17 -2.87995e-17
           0            0            0            0            0            0            0  2.05738e-15    -0.446955     0.894556  7.33451e-17  8.64477e-17  1.79874e-17 -9.05677e-17  1.67716e-16 -8.06312e-18   9.4922e-17  9.82764e-17 -1.47552e-16   4.9317e-17
           0            0            0            0            0            0            0            0     0.894556     0.446955  8.30812e-16 -6.78742e-17  1.36867e-16 -5.04618e-18  5.14478e-17 -1.58644e-16  -1.4774e-16  1.86352e-16 -4.51008e-17 -3.85098e-17
           0            0            0            0            0            0            0            0            0  8.90162e-16    -0.486363     0.873757  4.51843e-17 -1.96523e-16  8.61691e-17  6.88567e-18 -1.84159e-16  2.63265e-17  1.15374e-16 -2.59902e-17
           0            0            0            0            0            0            0            0            0            0     0.873757     0.486363 -8.15862e-16  2.07593e-17  1.09766e-16 -1.41974e-17  7.50347e-17  6.24551e-17 -7.68145e-17  4.47067e-17
           0            0            0            0            0            0            0            0            0            0            0 -9.88873e-16    -0.506349    -0.862329  2.70539e-17  5.64447e-19 -2.20157e-17 -7.42111e-17 -8.90273e-17  1.51902e-17
           0            0            0            0            0            0            0            0            0            0            0            0    -0.862329     0.506349  7.21655e-16  5.79332e-18 -1.57995e-16  7.83918e-17  -1.0196e-16   1.7879e-16
           0            0            0            0            0            0            0            0            0            0            0            0            0  7.74177e-16    -0.497316    -0.867569 -5.88882e-17 -2.89952e-16 -9.24463e-17  3.71199e-17
           0            0            0            0            0            0            0            0            0            0            0            0            0            0    -0.867569     0.497316 -2.98188e-16  -2.3811e-17  -1.0793e-16 -1.18293e-16
           0            0            0            0            0            0            0            0            0            0            0            0            0            0            0 -3.59753e-16     0.138553     0.990355  4.93038e-32 -4.00297e-16
           0            0            0            0            0            0            0            0            0            0            0            0            0            0            0            0     0.990355    -0.138553 -9.23761e-17 -1.11621e-16
           0            0            0            0            0            0            0            0            0            0            0            0            0            0            0            0            0 -4.00297e-16     0.988929     0.148387
           0            0            0            0            0            0            0            0            0            0            0            0            0            0            0            0            0            0     0.148387    -0.988929

E
           1    -0.142857     0.251704     -0.33275     0.397138     0.433459    -0.425269     0.369316     0.284144     -0.19667    -0.124785    0.0736315   -0.0407547   -0.0212573    0.0104751   0.00488468   0.00215811 -0.000904331 -0.000359743 -0.000135964   4.8858e-05  1.67031e-05 -5.43545e-06 -1.68439e-06 -4.97232e-07 -1.39858e-07  3.74872e-08 -9.57525e-09  2.33047e-09  5.40334e-10 -1.19301e-10  2.50709e-11  5.01081e-12  9.51878e-13  1.71526e-13 -2.93614e-14 -4.82335e-15  6.29899e-16  1.64743e-16   1.9748e-18 -9.84153e-18 -2.40546e-17 -4.89824e-17  8.86306e-18  2.00251e-17  -7.4818e-17  9.02624e-17  2.00663e-17   1.5357e-17 -3.00163e-17
           7     -22.0204     -15.8674      2.23418      -2.6665     -2.91037      2.85538     -2.47969     -1.90782       1.3205     0.837842    -0.494383     0.273639     0.142728   -0.0703329   -0.0327971   -0.0144902   0.00607193   0.00241542  0.000912903 -0.000328047 -0.000112149  3.64952e-05  1.13095e-05  3.33856e-06  9.39048e-07   -2.517e-07   6.4291e-08 -1.56474e-08 -3.62796e-09  8.01023e-10 -1.68334e-10 -3.36433e-11 -6.39088e-12 -1.15134e-12  1.96954e-13  3.23837e-14 -4.22239e-15 -1.24237e-15  -3.5272e-17  2.51361e-18  3.28651e-16  5.65452e-16 -3.13687e-16  2.33394e-16  5.26172e-16 -4.09429e-16 -2.96545e-17  3.83139e-18  2.14063e-16
           0      14.1774      1.43665     -6.21861    -0.199922    -0.218206     0.214084    -0.185917     -0.14304    0.0990049    0.0628177   -0.0370667    0.0205162    0.0107011  -0.00527325  -0.00245898  -0.00108641  0.000455247  0.000181098  6.84455e-05 -2.45955e-05 -8.40845e-06  2.73625e-06  8.47933e-07   2.5031e-07  7.04057e-08 -1.88713e-08  4.82025e-09 -1.17318e-09 -2.72008e-10  6.00568e-11 -1.26211e-11 -2.52268e-12 -4.79042e-13 -8.62297e-14  1.44522e-14  2.52198e-15 -5.11347e-16 -2.93653e-16 -4.07861e-16 -5.99584e-17  -7.0758e-16 -4.36059e-17 -2.29873e-16  1.53159e-16 -4.66532e-16  3.46683e-16  7.59865e-17  3.44623e-17   1.1514e-16
           0            0      6.38612      1.38928     -3.96899     0.288467    -0.283016      0.24578     0.189098    -0.130884   -0.0830444    0.0490017   -0.0271222   -0.0141467   0.00697119   0.00325075   0.00143622 -0.000601832 -0.000239409 -9.04842e-05   3.2515e-05  1.11159e-05 -3.61729e-06 -1.12096e-06 -3.30908e-07 -9.30756e-08  2.49477e-08 -6.37233e-09  1.55093e-09  3.59592e-10  -7.9395e-11  1.66849e-11  3.33465e-12   6.3338e-13  1.14325e-13 -1.96734e-14   -3.115e-15  4.57506e-16 -1.78435e-16 -3.89918e-17 -1.61853e-17 -3.81485e-17  1.95414e-17 -2.79228e-16  1.80358e-16  -1.2645e-16  1.92698e-17 -3.30396e-16  1.15354e-16 -1.01366e-16
           0            0            0      4.23329      1.34228      2.86267     0.337781    -0.293339    -0.225689      0.15621    0.0991136   -0.0584837    0.0323705    0.0168842  -0.00832013  -0.00387978  -0.00171414  0.000718288  0.000285735  0.000107993 -3.88067e-05 -1.32668e-05  4.31725e-06  1.33787e-06  3.94939e-07  1.11086e-07 -2.97752e-08  7.60539e-09 -1.85104e-09 -4.29174e-10  9.47578e-11 -1.99132e-11 -3.97972e-12 -7.55899e-13 -1.36168e-13  2.32313e-14   3.7206e-15 -6.33016e-16  1.72501e-18 -6.26197e-17 -8.12549e-17 -2.25213e-17  4.34104e-17 -7.94566e-18  8.04056e-17  9.94515e-19 -2.56071e-17  3.25775e-17  1.03303e-16 -5.94901e-17
           0            0            0            0     -3.20696      1.31211      -2.2263    -0.320167    -0.246329     0.170496     0.108178   -0.0638324     0.035331    0.0184283  -0.00908106  -0.00423461  -0.00187091   0.00078398  0.000311868   0.00011787 -4.23559e-05 -1.44802e-05  4.71209e-06  1.46022e-06  4.31059e-07  1.21246e-07 -3.24983e-08  8.30095e-09 -2.02032e-09 -4.68425e-10  1.03424e-10 -2.17343e-11 -4.34408e-12 -8.25273e-13   -1.488e-13  2.53907e-14  4.10656e-15  -4.9031e-16 -1.03539e-16  1.34167e-16 -1.83163e-16  1.12333e-16 -8.98476e-17   1.1442e-16 -5.23174e-17  1.51091e-16  2.67809e-19 -1.40604e-16 -8.51572e-17  1.18492e-16
           0            0            0            0            0      2.59497      1.31915     -1.85521     0.241675    -0.167275    -0.106134    0.0626264   -0.0346634   -0.0180801   0.00890948    0.0041546   0.00183556 -0.000769168 -0.000305975 -0.000115643  4.15556e-05  1.42066e-05 -4.62306e-06 -1.43263e-06 -4.22915e-07 -1.18955e-07  3.18843e-08 -8.14412e-09  1.98215e-09  4.59574e-10 -1.01471e-10  2.13235e-11  4.26213e-12   8.0962e-13  1.45959e-13 -2.48078e-14 -4.19001e-15  7.49386e-16  3.01024e-16  4.71912e-17 -1.78229e-16 -1.01896e-16 -2.26079e-16   1.5221e-16  6.11872e-17 -7.55865e-17  6.82868e-17 -6.77451e-17 -1.59758e-16  1.52168e-16
           0            0            0            0            0            0      2.16933      1.36361      1.63539     0.145267    0.0921702   -0.0543866    0.0301028    0.0157013  -0.00773726  -0.00360798  -0.00159405  0.000667968  0.000265718  0.000100428 -3.60881e-05 -1.23374e-05   4.0148e-06  1.24414e-06  3.67272e-07  1.03304e-07 -2.76893e-08  7.07259e-09 -1.72136e-09 -3.99108e-10  8.81201e-11 -1.85177e-11 -3.70166e-12 -7.02773e-13 -1.26795e-13  2.14262e-14  3.53501e-15 -3.06848e-16 -4.05033e-18  1.04899e-16 -4.64893e-17 -5.11346e-17 -1.65253e-16  1.80231e-16  -9.5401e-17  1.51311e-16 -1.28977e-16 -1.99403e-18 -5.73043e-17  4.25958e-17
           0            0            0            0            0            0            0     -1.84526      1.41926     -1.48178    0.0709138   -0.0418439    0.0231604    0.0120803  -0.00595288   -0.0027759  -0.00122643   0.00051392  0.000204438  7.72669e-05 -2.77654e-05 -9.49216e-06   3.0889e-06  9.57217e-07  2.82571e-07  7.94797e-08 -2.13035e-08   5.4415e-09 -1.32438e-09 -3.07065e-10  6.77977e-11 -1.42475e-11 -2.84741e-12 -5.40937e-13 -9.74543e-14  1.65458e-14  2.86106e-15  -3.7317e-16  -2.0727e-16  8.84201e-17  1.36583e-16  1.06039e-16 -6.87899e-18  -3.0197e-16  2.77979e-16  1.29799e-16 -9.13218e-17  1.56805e-16  1.77841e-16 -1.35822e-16
           0            0            0            0            0            0            0            0      1.59354      1.46132      1.34966    0.0289622   -0.0160304  -0.00836133   0.00412027   0.00192133  0.000848871 -0.000355709 -0.000141501 -5.34801e-05  1.92178e-05  6.56997e-06 -2.13798e-06 -6.62535e-07 -1.95581e-07 -5.50117e-08  1.47452e-08 -3.76632e-09  9.16665e-10  2.12534e-10 -4.69259e-11  9.86119e-12  1.97106e-12  3.74219e-13  6.73343e-14 -1.17261e-14 -1.40242e-15  4.74323e-16 -3.03167e-16 -9.96321e-17 -7.49333e-17  1.65173e-16  1.06972e-16 -1.65453e-16  1.97093e-16  1.85748e-16 -1.20513e-16 -2.12906e-17  2.17465e-16 -1.04524e-16
           0            0            0            0            0            0            0            0            0     -1.39874      1.48443     -1.22797   -0.0101712  -0.00530518   0.00261427   0.00121907    0.0005386 -0.000225694 -8.97811e-05 -3.39326e-05  1.21935e-05  4.16859e-06 -1.35653e-06 -4.20372e-07 -1.24094e-07 -3.49044e-08  9.35568e-09  -2.3897e-09  5.81615e-10  1.34851e-10 -2.97741e-11   6.2565e-12  1.25069e-12  2.37337e-13  4.29319e-14 -7.27178e-15 -1.04487e-15   2.6149e-16 -2.21981e-16 -1.85221e-16  4.06797e-16  1.14194e-16  -2.1199e-16  1.19865e-16 -8.71469e-17  -1.0735e-16  3.83178e-17  1.27289e-17 -8.39455e-17  6.32014e-17
           0            0            0            0            0            0            0            0            0            0      1.24635      1.49458     -1.11801   0.00313041   -0.0015426 -0.000719332  -0.00031781  0.000133174  5.29769e-05  2.00225e-05 -7.19498e-06 -2.45974e-06  8.00441e-07  2.48048e-07  7.32239e-08  2.05959e-08 -5.52048e-09  1.41008e-09 -3.43192e-10 -7.95712e-11  1.75687e-11 -3.69191e-12 -7.38111e-13 -1.40119e-13 -2.50711e-14  4.45573e-15  6.95447e-16 -1.78684e-16 -9.05467e-17  4.24918e-17  3.08828e-16   9.1291e-17 -1.44611e-17  2.33499e-16 -1.81977e-17  8.06465e-17 -1.57419e-16 -1.13413e-16 -1.51249e-16  5.38489e-17
           0            0            0            0            0            0            0            0            0            0            0      1.12401      1.49834      1.02129  0.000853821  0.000398147  0.000175907 -7.37115e-05 -2.93225e-05 -1.10824e-05  3.98239e-06  1.36146e-06 -4.43041e-07 -1.37293e-07 -4.05291e-08 -1.13998e-08  3.05556e-09 -7.80474e-10  1.89955e-10  4.40421e-11 -9.72457e-12  2.04318e-12  4.08412e-13  7.76864e-14  1.36811e-14 -2.92385e-15  1.33061e-16  1.71645e-16  1.01764e-16   4.3316e-16 -1.33414e-16 -5.23842e-16 -3.68264e-16  3.25102e-16 -1.59892e-16  -2.3379e-16 -8.32959e-17  2.52884e-17 -1.41905e-16  9.34444e-17
           0            0            0            0            0            0            0            0            0            0            0            0     -1.02302      1.49955    -0.937261   0.00020767  9.17514e-05 -3.84473e-05 -1.52943e-05 -5.78047e-06  2.07718e-06  7.10125e-07 -2.31086e-07  -7.1611e-08 -2.11396e-08 -5.94602e-09  1.59375e-09 -4.07088e-10  9.90792e-11  2.29719e-11  -5.0722e-12  1.06576e-12  2.13305e-13   4.0585e-14   7.2366e-15 -1.31618e-15 -3.11641e-16 -3.56306e-17  2.11478e-16  1.22245e-16 -1.27102e-17  3.36152e-16  2.40172e-16  4.76532e-19   9.5635e-17  3.89967e-16 -5.81906e-17 -1.83066e-16  2.74736e-18  6.32926e-17
           0            0            0            0            0            0            0            0            0            0            0            0            0     0.937706      1.49989     0.864274  -4.5213e-05  1.89459e-05  7.53671e-06  2.84848e-06 -1.02359e-06 -3.49933e-07  1.13874e-07  3.52883e-08  1.04171e-08  2.93006e-09 -7.85366e-10  2.00604e-10 -4.88239e-11   -1.132e-11   2.4995e-12 -5.25308e-13 -1.04923e-13 -2.00202e-14 -3.60538e-15  3.66213e-16  1.98372e-16  5.14002e-17  1.18916e-16  6.87669e-17 -2.11958e-16  1.85284e-16  2.18608e-16 -1.81698e-16  9.11487e-17  1.21577e-16 -1.57981e-16 -8.34998e-17  -1.7275e-17  1.59383e-16
           0            0            0            0            0            0            0            0            0            0            0            0            0            0    -0.864377      1.49998     0.800493  8.83472e-06  3.51446e-06  1.32828e-06 -4.77311e-07 -1.63178e-07  5.31009e-08  1.64554e-08  4.85763e-09  1.36632e-09 -3.66225e-10  9.35442e-11  -2.2767e-11 -5.27847e-12   1.1656e-12 -2.44853e-13 -4.89797e-14 -9.36064e-15 -1.80433e-15  3.59344e-17  2.05759e-16 -2.51289e-17  3.01572e-16  1.42931e-16 -3.61297e-16 -1.10639e-16  2.44984e-17   4.4452e-17  6.85609e-17  2.27153e-16  6.05259e-18 -9.45802e-17 -3.58309e-17  8.21364e-17
           0            0            0            0            0            0            0            0            0            0            0            0            0            0            0    -0.800514          1.5      -0.7443  1.55273e-06  5.86853e-07 -2.10882e-07 -7.20943e-08  2.34607e-08   7.2702e-09  2.14617e-09   6.0366e-10 -1.61804e-10   4.1329e-11 -1.00587e-11 -2.33225e-12  5.15099e-13 -1.08032e-13 -2.15306e-14 -3.96958e-15 -7.60315e-16  3.04727e-16  1.29078e-16  2.28631e-16 -2.62224e-16 -2.59878e-16  1.90268e-16  3.20432e-17  2.02939e-16  -1.7422e-16  2.39794e-16  3.04343e-16 -2.16424e-17 -1.36224e-16  2.25443e-16  -6.3863e-17
           0            0            0            0            0            0            0            0            0            0            0            0            0            0            0            0     0.744304          1.5     0.694379 -2.45913e-07  8.83676e-08  3.02102e-08 -9.83089e-09 -3.04648e-09 -8.99324e-10 -2.52956e-10  6.78015e-11 -1.73181e-11   4.2151e-12  9.77122e-13 -2.15505e-13  4.55637e-14  9.06961e-15  1.66454e-15 -3.45722e-17 -1.68593e-16  2.11287e-16 -1.21381e-17 -6.85205e-17 -1.24857e-16 -2.26546e-16 -6.35754e-17  9.98196e-17  2.54756e-16  1.49245e-16  7.09083e-17  1.15898e-16  1.46094e-16  6.83882e-17   1.1238e-16
           0            0            0            0            0            0            0            0            0            0            0            0            0            0            0            0            0     -0.69438          1.5     0.649685  3.51527e-08  1.20176e-08 -3.91074e-09 -1.21189e-09 -3.57752e-10 -1.00626e-10  2.69717e-11 -6.88931e-12  1.67677e-12   3.8874e-13 -8.56238e-14   1.7845e-14  3.57801e-15  5.67571e-16  3.46654e-16  3.39363e-16  9.18961e-17  8.40478e-17 -1.44167e-16  4.86073e-17  -2.6602e-16 -1.71577e-16  9.59613e-17  1.22073e-16 -1.76922e-16  1.07859e-16   1.7297e-16 -8.50321e-17  1.12047e-16  -1.6363e-16
           0            0            0            0            0            0            0            0            0            0            0            0            0            0            0            0            0            0    -0.649685          1.5    -0.609387  4.54204e-09 -1.47806e-09 -4.58033e-10 -1.35211e-10 -3.80318e-11  1.01939e-11 -2.60376e-12  6.33488e-13  1.47051e-13  -3.2316e-14  7.06533e-15  1.26708e-15  2.17692e-16  -1.6022e-16 -1.59656e-16  2.64123e-16 -1.04692e-16  5.55369e-16   3.5874e-16 -5.81061e-17  -2.4478e-17 -1.46883e-16 -2.11255e-16  6.48294e-17  6.56384e-17 -9.36689e-17 -4.57135e-16 -2.48367e-16 -1.11321e-16
           0            0            0            0            0            0            0            0            0            0            0            0            0            0            0            0            0            0            0     0.609387          1.5     0.572816  5.31132e-10  1.64592e-10  4.85875e-11  1.36666e-11 -3.66292e-12  9.35828e-13 -2.27724e-13 -5.28348e-14    1.187e-14 -2.67234e-15 -5.82061e-16 -5.53696e-17  9.37729e-17  1.37751e-16  2.98389e-16  1.24691e-16  2.60488e-16  4.09427e-16 -1.67757e-16  1.84071e-17  1.39852e-16  3.00451e-16 -1.86215e-16 -1.90754e-16  -7.5264e-17 -3.23434e-16 -2.39193e-17 -1.15887e-16
           0            0            0            0            0            0            0            0            0            0            0            0            0            0            0            0            0            0            0            0    -0.572816          1.5    -0.539433  5.62692e-11   1.6611e-11   4.6724e-12 -1.25234e-12  3.19904e-13 -7.82875e-14 -1.82499e-14  3.88823e-15  -1.2019e-15 -3.21372e-16  1.50441e-16 -1.72301e-16 -6.40631e-17  3.34805e-16 -3.05093e-17  1.61101e-16 -9.77222e-18 -2.68273e-16  1.55755e-17  4.50753e-17 -2.94782e-16   1.7924e-16 -6.78339e-17  3.15229e-16 -1.84501e-16 -1.86806e-16  2.71851e-16
           0            0            0            0            0            0            0            0            0            0            0            0            0            0            0            0            0            0            0            0            0     0.539433          1.5     0.508791 -5.40579e-12 -1.52055e-12  4.07851e-13 -1.04436e-13  2.54024e-14   6.3479e-15 -1.52566e-15  2.81291e-16  3.94567e-17  4.00904e-16  8.48257e-18 -1.28928e-16 -4.24885e-17 -1.74845e-16  3.10941e-16  2.95401e-16 -1.09815e-16  1.60783e-16  1.44833e-16 -4.39786e-17 -7.97428e-17   3.6079e-17  -2.5383e-16 -1.45833e-16  1.57333e-17 -1.06627e-16
           0            0            0            0            0            0            0            0            0            0            0            0            0            0            0            0            0            0            0            0            0            0    -0.508791          1.5     0.480524 -4.71003e-13  1.26625e-13 -3.25069e-14   7.9694e-15  1.88697e-15 -8.12137e-16  1.31295e-16  1.94077e-16  2.07322e-16  2.71553e-16  4.52121e-16 -2.89023e-16 -1.77646e-16  6.97872e-17 -1.98368e-16  3.14805e-16 -9.88126e-17  3.58894e-16  2.35332e-16  -1.3816e-16 -1.53304e-16  1.71396e-16 -3.20177e-16 -9.03809e-17  2.00338e-16
           0            0            0            0            0            0            0            0            0            0            0            0            0            0            0            0            0            0            0            0            0            0            0    -0.480524          1.5     0.454324  3.73284e-14 -9.83106e-15  2.14623e-15  6.42542e-16 -9.23582e-17   1.0997e-16  1.67423e-16  9.43693e-17  1.65049e-16 -1.30577e-16 -9.89007e-18 -8.15766e-17 -2.24353e-17   3.8701e-17  7.87645e-17 -1.39559e-16 -3.36655e-16  2.42363e-16   5.9911e-17  2.33154e-16  1.41832e-18  2.62403e-16  3.65889e-16 -3.64233e-16
           0            0            0            0            0            0            0            0            0            0            0            0            0            0            0            0            0            0            0            0            0            0            0            0    -0.454324          1.5    -0.429929  -2.3792e-15  9.09375e-16 -3.84699e-17 -2.29859e-16  -9.8999e-17  2.30862e-16 -9.75387e-17 -1.05435e-17  3.91084e-17 -1.28347e-16  1.66508e-16 -9.78439e-17  2.19726e-16 -2.47506e-17  6.54226e-16  2.84216e-16 -2.09214e-16 -1.36021e-16  3.81607e-17 -2.23221e-16 -4.98382e-17 -2.78171e-16  2.03338e-16
           0            0            0            0            0            0            0            0            0            0            0            0            0            0            0            0            0            0            0            0            0            0            0            0            0     0.429929          1.5    -0.407119  2.05301e-16 -3.69652e-16  9.69779e-17  5.25701e-16  1.72155e-17  2.14309e-17 -1.81146e-16 -2.84603e-16 -1.08703e-16  1.28107e-17 -9.59885e-17 -4.89565e-17 -2.34329e-16 -2.81781e-16 -7.20964e-17  8.40645e-17  1.27784e-16  5.84631e-17 -5.85126e-17  1.33266e-16  2.40378e-16  2.37367e-16
           0            0            0            0            0            0            0            0            0            0            0            0            0            0            0            0            0            0            0            0            0            0            0            0            0            0     0.407119          1.5    -0.385703  -2.7136e-17  3.47884e-17  -4.6506e-17 -4.42345e-17  3.77065e-17  1.14027e-16  2.22908e-17  1.14709e-16 -1.52984e-16  2.34976e-16  7.57684e-17  3.69643e-16  2.51005e-16 -4.07264e-16 -2.12085e-17  3.97404e-16  1.36323e-16  1.81631e-16  4.22565e-16 -1.57624e-17 -2.83014e-17
           0            0            0            0            0            0            0            0            0            0            0            0            0            0            0            0            0            0            0            0            0            0            0            0            0            0            0     0.385703          1.5     0.365518  6.16981e-17  2.14542e-16   8.7407e-17  4.25393e-16 -3.82037e-16  -2.7089e-16 -6.15107e-16  9.65562e-17 -6.13846e-16  2.83829e-16  1.14575e-16  2.74351e-16 -4.74518e-17  1.41242e-16 -1.59811e-16  2.23332e-16  7.83309e-17  3.20305e-16  -3.2359e-16  -2.2407e-16
           0            0            0            0            0            0            0            0            0            0            0            0            0            0            0            0            0            0            0            0            0            0            0            0            0            0            0            0    -0.365518          1.5     -0.34642 -3.22978e-16  2.74976e-16  3.53015e-16 -2.87765e-16 -4.35994e-16  6.31082e-17  3.23716e-16 -2.48338e-16  1.44606e-16 -2.80212e-17 -1.67088e-17 -6.54859e-16 -1.16237e-16  1.63221e-17  1.14331e-17  2.61398e-16 -1.65228e-16 -1.09187e-16  3.42682e-16
           0            0            0            0            0            0            0            0            0            0            0            0            0            0            0            0            0            0            0            0            0            0            0            0            0            0            0            0            0      0.34642          1.5    -0.328281 -1.88692e-16 -1.25833e-17 -2.58875e-16 -6.54469e-17 -2.22678e-16  9.40694e-17 -2.51041e-16   1.2485e-16  3.74409e-17  7.81507e-17  1.08139e-16  5.19681e-17  3.22407e-16  -1.0174e-16 -1.90649e-17  2.21352e-16  -2.4656e-16  8.46581e-17
           0            0            0            0            0            0            0            0            0            0            0            0            0            0            0            0            0            0            0            0            0            0            0            0            0            0            0            0            0            0     0.328281          1.5     0.310991  2.87338e-16 -2.07842e-16  7.00644e-17 -1.71413e-16 -2.55959e-16 -8.99414e-17 -8.37517e-17 -3.71705e-16 -1.38862e-16  2.49937e-16  2.70649e-17 -2.47411e-17  3.33508e-17  2.61049e-16 -1.14945e-16  2.81681e-16  2.57346e-16
           0            0            0            0            0            0            0            0            0            0            0            0            0            0            0            0            0            0            0            0            0            0            0            0            0            0            0            0            0            0            0    -0.310991          1.5     0.294447 -2.94592e-16  1.86981e-17  1.51745e-16  3.51653e-16   1.6844e-16 -2.30637e-16 -9.00632e-17 -3.01194e-16  2.24781e-16   5.1485e-16  4.59906e-17 -4.54843e-17 -8.73845e-17 -6.40706e-17 -6.42083e-17 -7.36679e-17
           0            0            0            0            0            0            0            0            0            0            0            0            0            0            0            0            0            0            0            0            0            0            0            0            0            0            0            0            0            0            0            0    -0.294447          1.5     0.278559 -1.64122e-16  2.36024e-16 -3.08853e-17  4.77424e-17 -3.41637e-16  6.36915e-16  2.62854e-16  3.15979e-16 -1.82178e-16   2.1874e-16  3.14528e-16  3.52565e-16  2.50062e-16 -5.49185e-17 -1.74171e-16
           0            0            0            0            0            0            0            0            0            0            0            0            0            0            0            0            0            0            0            0            0            0            0            0            0            0            0            0            0            0            0            0            0    -0.278559          1.5    -0.263241  -1.1862e-16 -2.31283e-16 -1.30244e-16  3.49547e-16  4.18151e-17  -3.5142e-16 -4.67312e-16  2.27024e-16 -1.15083e-16 -3.72088e-17 -1.23631e-17 -3.29635e-17   1.1034e-16 -5.72748e-16
           0            0            0            0            0            0            0            0            0            0            0            0            0            0            0            0            0            0            0            0            0            0            0            0            0            0            0            0            0            0            0            0            0            0     0.263241          1.5     0.248414   1.6609e-16  4.53615e-16  3.12337e-16  3.69301e-17 -5.62214e-17 -1.07955e-17  1.68077e-16 -7.72488e-18  2.08323e-16  5.58735e-17 -9.74367e-17  5.80421e-17 -3.67322e-16
           0            0            0            0            0            0            0            0            0            0            0            0            0            0            0            0            0            0            0            0            0            0            0            0            0            0            0            0            0            0            0            0            0            0            0    -0.248414          1.5    -0.234003  2.51366e-16 -5.52266e-16 -3.40183e-16 -4.46606e-16 -7.27559e-17  6.78047e-16 -8.22754e-18 -1.70876e-17  -3.7684e-17  1.45521e-16 -2.17469e-16  1.19037e-16
           0            0            0            0            0            0            0            0            0            0            0            0            0            0            0            0            0            0            0            0            0            0            0            0            0            0            0            0            0            0            0            0            0            0            0            0     0.234003          1.5     0.219934  1.29497e-16  6.09349e-17 -1.51198e-16 -7.74657e-17  9.81369e-17  2.66512e-16  1.53994e-17  3.91164e-16  1.78363e-16 -1.83229e-16 -2.16455e-17
           0            0            0            0            0            0            0            0            0            0            0            0            0            0            0            0            0            0            0            0            0            0            0            0            0            0            0            0            0            0            0            0            0            0            0            0            0    -0.219934          1.5    -0.206133  3.54394e-16 -3.96886e-16  5.66068e-16 -4.01718e-16  3.83401e-16  2.30819e-16  1.24827e-16  2.67994e-16 -4.01114e-16 -1.11046e-15
           0            0            0            0            0            0            0            0            0            0            0            0            0            0            0            0            0            0            0            0            0            0            0            0            0            0            0            0            0            0            0            0            0            0            0            0            0            0     0.206133          1.5     0.192522 -1.82058e-16  2.11079e-16  1.43296e-16 -1.37351e-17  1.66227e-16  4.64025e-16 -3.49687e-16  -7.2081e-17 -1.44908e-16
           0            0            0            0            0            0            0            0            0            0            0            0            0            0            0            0            0            0            0            0            0            0            0            0            0            0            0            0            0            0            0            0            0            0            0            0            0            0            0    -0.192522          1.5    -0.179017 -5.08052e-16 -4.18589e-16 -1.61013e-16   1.5397e-16  3.43805e-16 -8.09225e-17  1.04531e-16  3.88181e-17
           0            0            0            0            0            0            0            0            0            0            0            0            0            0            0            0            0            0            0            0            0            0            0            0            0            0            0            0            0            0            0            0            0            0            0            0            0            0            0            0     0.179017          1.5    -0.165525  6.10223e-17  3.12686e-16  -7.1587e-16  6.07033e-16  1.92863e-16 -8.66391e-16 -3.49977e-17
           0            0            0            0            0            0            0            0            0            0            0            0            0            0            0            0            0            0            0            0            0            0            0            0            0            0            0            0            0            0            0            0            0            0            0            0            0            0            0            0            0     0.165525          1.5     0.151933   1.8126e-18 -2.43561e-16 -9.44935e-16   1.8699e-16  2.15372e-16 -2.31415e-16
           0            0            0            0            0            0            0            0            0            0            0            0            0            0            0            0            0            0            0            0            0            0            0            0            0            0            0            0            0            0            0            0            0            0            0            0            0            0            0            0            0            0    -0.151933          1.5     0.138098 -6.45705e-16   1.5256e-16  4.40517e-16 -6.82995e-16  8.33806e-17
           0            0            0            0            0            0            0            0            0            0            0            0            0            0            0            0            0            0            0            0            0            0            0            0            0            0            0            0            0            0            0            0            0            0            0            0            0            0            0            0            0            0            0    -0.138098          1.5    -0.123829  3.04204e-16  1.34456e-16  5.28868e-17 -7.40658e-16
           0            0            0            0            0            0            0            0            0            0            0            0            0            0            0            0            0            0            0            0            0            0            0            0            0            0            0            0            0            0            0            0            0            0            0            0            0            0            0            0            0            0            0            0     0.123829          1.5     0.108842   1.1728e-16 -1.30296e-16  2.15187e-16
           0            0            0            0            0            0            0            0            0            0            0            0            0            0            0            0            0            0            0            0            0            0            0            0            0            0            0            0            0            0            0            0            0            0            0            0            0            0            0            0            0            0            0            0            0    -0.108842          1.5   -0.0926731 -1.12644e-17 -8.59545e-16
           0            0            0            0            0            0            0            0            0            0            0            0            0            0            0            0            0            0            0            0            0            0            0            0            0            0            0            0            0            0            0            0            0            0            0            0            0            0            0            0            0            0            0            0            0            0    0.0926731          1.5   -0.0744252  2.67147e-16
           0            0            0            0            0            0            0            0            0            0            0            0            0            0            0            0            0            0            0            0            0            0            0            0            0            0            0            0            0            0            0            0            0            0            0            0            0            0            0            0            0            0            0            0            0            0            0    0.0744252          1.5     0.051784
           0            0            0            0            0            0            0            0            0            0            0            0            0            0            0            0            0            0            0            0            0            0            0            0            0            0            0            0            0            0            0            0            0            0            0            0            0            0            0            0            0            0            0            0            0            0            0            0    -0.051784          1.5
