
A

    (-1020.05,0)
   (0.0980486,0)
(-1.05033e-13,0)
     (1020.05,0)
        (1020,0)
      (1019.9,0)
        (1000,0)
        (1000,0)

 (0.00310016,0)    (0.629378,0)  (-0.0447214,0)    (0.632448,0)   (-0.223607,0)   (0.0623207,0)   (-0.384449,0)    (0.213778,0)
 (0.00155008,0)   (-0.314689,0)  (-0.0894427,0)    (0.316224,0)    (0.447214,0)  (-0.0311603,0)   (-0.276076,0)    (0.743774,0)
 (0.00155008,0)    (0.314689,0)   (0.0894427,0)    (0.316224,0)    (0.447214,0)   (0.0311603,0)    (0.768897,0)   (-0.427555,0)
 (0.00310016,0)   (-0.629378,0)   (0.0447214,0)    (0.632448,0)   (-0.223607,0)  (-0.0623207,0)    (0.138038,0)   (-0.371887,0)
   (0.316224,0)  (-0.0311603,0)   (-0.626099,0) (-0.00155008,0)   (-0.447214,0)    (0.314689,0)    (0.321052,0)    (0.074443,0)
   (0.316224,0)   (0.0311603,0)   (-0.626099,0) (-0.00155008,0)    (0.447214,0)   (-0.314689,0)    (-0.17177,0)   (-0.241776,0)
  (-0.632448,0)   (0.0623207,0)    (-0.31305,0)  (0.00310016,0)   (-0.223607,0)   (-0.629378,0)    (0.160526,0)   (0.0372215,0)
  (-0.632448,0)  (-0.0623207,0)    (-0.31305,0)  (0.00310016,0)    (0.223607,0)    (0.629378,0)  (-0.0858848,0)   (-0.120888,0)

B

    (1.75192,0)
    (0.34293,0)
  (0.0357418,0)
 (0.00253089,0)
 (0.00012875,0)
(4.72969e-06,0)
(1.22897e-07,0)
(2.14744e-09,0)
(2.26675e-11,0)
(1.09325e-13,0)

   (-0.699515,0)    (-0.637641,0)     (0.303404,0)    (-0.105516,0)    (0.0293127,0)   (0.00667485,0)  (-0.00124746,0) (-0.000187818,0) (-2.16833e-05,0) (-1.67403e-06,0)
   (-0.425999,0)    (0.0704371,0)     (-0.59956,0)     (0.576272,0)    (-0.322879,0)    (-0.127506,0)    (0.0376884,0)   (0.00842526,0)   (0.00137869,0)  (0.000145568,0)
   (-0.316977,0)     (0.233557,0)    (-0.378572,0)    (-0.201934,0)     (0.583114,0)     (0.497391,0)    (-0.255156,0)   (-0.0888776,0)   (-0.0212016,0)  (-0.00311588,0)
   (-0.255523,0)     (0.282109,0)    (-0.144314,0)    (-0.412044,0)     (0.169553,0)    (-0.410972,0)     (0.566481,0)     (0.356877,0)     (0.133416,0)    (0.0284376,0)
   (-0.215278,0)     (0.293657,0)     (0.027497,0)    (-0.351322,0)    (-0.229493,0)    (-0.363294,0)    (-0.225123,0)     (-0.57064,0)    (-0.404674,0)    (-0.136071,0)
   (-0.186578,0)     (0.290982,0)     (0.146917,0)    (-0.195433,0)    (-0.374837,0)    (0.0487344,0)    (-0.426343,0)     (0.134051,0)     (0.580925,0)     (0.375034,0)
   (-0.164947,0)     (0.282498,0)     (0.229139,0)    (-0.019399,0)    (-0.309362,0)     (0.343218,0)    (-0.029409,0)     (0.446876,0)    (-0.213963,0)    (-0.616652,0)
   (-0.147992,0)     (0.271744,0)     (0.285632,0)     (0.147212,0)    (-0.112144,0)     (0.352929,0)     (0.371927,0)   (-0.0615398,0)    (-0.406589,0)     (0.597018,0)
    (-0.13431,0)     (0.260324,0)     (0.324264,0)     (0.294209,0)     (0.154211,0)    (0.0757667,0)       (0.3265,0)    (-0.494714,0)     (0.493025,0)    (-0.313921,0)
   (-0.123017,0)     (0.248988,0)     (0.350361,0)     (0.419514,0)     (0.448205,0)    (-0.430054,0)    (-0.366506,0)     (0.269892,0)    (-0.162312,0)    (0.0691298,0)

C

 (63.4091,0)
 (7.12012,0)
 (2.61803,0)
 (1.37902,0)
(0.870745,0)
(0.615295,0)
 (0.47046,0)
(0.381966,0)
(0.325558,0)
 (0.25399,0)
 (0.28919,0)
(0.266481,0)

   (-0.399211,0)     (0.392915,0)    (-0.380423,0)     (0.361931,0)     (0.337731,0)    (-0.308205,0)    (-0.273819,0)    (-0.235114,0)    (-0.192701,0)   (-0.0501333,0)     (-0.14725,0)     (0.099476,0)
   (-0.392915,0)     (0.337731,0)    (-0.235114,0)     (0.099476,0)   (-0.0501333,0)     (0.192701,0)     (0.308205,0)     (0.380423,0)     (0.399211,0)      (0.14725,0)     (0.361931,0)    (-0.273819,0)
   (-0.380423,0)     (0.235114,0) (-6.77346e-17,0)    (-0.235114,0)    (-0.380423,0)     (0.380423,0)     (0.235114,0)   (5.5156e-15,0)    (-0.235114,0)    (-0.235114,0)    (-0.380423,0)     (0.380423,0)
   (-0.361931,0)     (0.099476,0)     (0.235114,0)    (-0.399211,0)    (-0.273819,0)   (-0.0501333,0)    (-0.337731,0)    (-0.380423,0)     (-0.14725,0)     (0.308205,0)     (0.192701,0)    (-0.392915,0)
   (-0.337731,0)   (-0.0501333,0)     (0.380423,0)    (-0.273819,0)      (0.14725,0)    (-0.399211,0)    (-0.192701,0)     (0.235114,0)     (0.392915,0)    (-0.361931,0)     (0.099476,0)     (0.308205,0)
   (-0.308205,0)    (-0.192701,0)     (0.380423,0)    (0.0501333,0)     (0.399211,0)    (-0.099476,0)     (0.361931,0)     (0.235114,0)    (-0.273819,0)     (0.392915,0)    (-0.337731,0)     (-0.14725,0)
   (-0.273819,0)    (-0.308205,0)     (0.235114,0)     (0.337731,0)     (0.192701,0)     (0.361931,0)      (0.14725,0)    (-0.380423,0)    (-0.099476,0)    (-0.399211,0)     (0.392915,0)   (-0.0501333,0)
   (-0.235114,0)    (-0.380423,0)  (1.39123e-16,0)     (0.380423,0)    (-0.235114,0)     (0.235114,0)    (-0.380423,0) (-3.33428e-16,0)     (0.380423,0)     (0.380423,0)    (-0.235114,0)     (0.235114,0)
   (-0.192701,0)    (-0.399211,0)    (-0.235114,0)      (0.14725,0)    (-0.392915,0)    (-0.273819,0)    (-0.099476,0)     (0.380423,0)    (-0.308205,0)    (-0.337731,0)   (-0.0501333,0)    (-0.361931,0)
    (-0.14725,0)    (-0.361931,0)    (-0.380423,0)    (-0.192701,0)    (-0.099476,0)    (-0.337731,0)     (0.392915,0)    (-0.235114,0)   (-0.0501333,0)     (0.273819,0)     (0.308205,0)     (0.399211,0)
   (-0.099476,0)    (-0.273819,0)    (-0.380423,0)    (-0.392915,0)     (0.308205,0)      (0.14725,0)    (0.0501333,0)    (-0.235114,0)     (0.361931,0)    (-0.192701,0)    (-0.399211,0)    (-0.337731,0)
  (-0.0501333,0)     (-0.14725,0)    (-0.235114,0)    (-0.308205,0)     (0.361931,0)     (0.392915,0)    (-0.399211,0)     (0.380423,0)    (-0.337731,0)     (0.099476,0)     (0.273819,0)     (0.192701,0)

D

(-1,0)
 (1,0)
 (1,0)
(-1,0)
 (1,0)
(-1,0)
(-1,0)
 (1,0)
(-1,0)
 (1,0)
(-1,0)
 (1,0)
(-1,0)
 (1,0)
(-1,0)
 (1,0)
(-1,0)
 (1,0)
(-1,0)
 (1,0)

 (-0.0736589,0)   (-0.130452,0)     (-0.2075,0)    (0.333377,0)   (-0.267522,0)   (-0.025697,0)    (0.073765,0)   (-0.410122,0)   (-0.406815,0)   (0.0904042,0)   (0.0454221,0)   (-0.288518,0)    (0.473802,0)  (0.00471436,0)    (0.279632,0)   (0.0819251,0) (-0.00963555,0)  (-0.0449949,0)    (0.432383,0)  (-0.0175299,0)
   (0.108025,0)  (-0.0706746,0)    (0.404859,0)   (-0.191067,0)  (0.00298609,0)   (-0.114191,0) (-0.00373952,0)    (0.224183,0)    (0.112175,0)    (0.441266,0)   (-0.227866,0)   (-0.167711,0)    (0.208454,0)    (0.217181,0)   (0.0294977,0)   (0.0948133,0)   (-0.383208,0)  (-0.0926738,0)   (0.0118777,0)  (0.00856922,0)
  (-0.223765,0)   (0.0579219,0)   (-0.249793,0)   (0.0799012,0)  (-0.0792886,0)    (0.208383,0) (-0.00240272,0)   (0.0756428,0)    (0.302507,0)    (0.412942,0)   (0.0242796,0)    (0.210808,0)   (-0.332514,0)    (0.325737,0)   (-0.228834,0)    (0.213179,0)    (0.103892,0)    (0.233483,0)    (0.138836,0)   (0.0780033,0)
   (0.298108,0)   (0.0280404,0)    (0.333333,0) (-0.00991411,0)     (0.11561,0)  (-0.0246218,0)   (-0.137055,0) (-0.00155902,0)   (-0.024045,0)    (0.102112,0)    (0.424896,0)   (-0.433475,0)  (-0.0753517,0)     (0.41697,0)  (-0.0410839,0)   (-0.104434,0)   (0.0861071,0)     (0.27477,0)   (-0.183301,0)    (0.120991,0)
  (-0.188554,0)  (-0.0557564,0)   (0.0887252,0)   (-0.139719,0)   (-0.106134,0)   (-0.244919,0)    (0.214123,0)   (-0.103852,0)   (-0.231872,0)    (0.262553,0)   (-0.322784,0)   (0.0346168,0)  (-0.0286608,0)   (-0.276514,0)   (0.0302503,0)    (0.342202,0)    (0.392395,0)    (0.370491,0)    (-0.30513,0)    (0.220603,0)
 (-0.0154296,0)   (0.0872922,0)   (0.0130407,0) (-0.00940071,0)   (-0.138225,0)    (0.171005,0)   (-0.140549,0)   (-0.110748,0)   (-0.190707,0)   (0.0919223,0)  (-0.0881336,0)   (0.0837365,0)   (-0.223282,0)    (0.201287,0)    (0.278728,0)   (-0.289923,0)   (-0.161345,0)   (-0.201722,0)   (-0.353103,0)   (0.0690451,0)
   (0.355407,0)   (-0.239807,0)   (-0.337736,0)   (-0.142405,0)    (0.101588,0)     (0.26894,0)   (0.0152595,0)    (0.274073,0)   (0.0662086,0)   (0.0208843,0)   (0.0176478,0)   (-0.294444,0)  (-0.0425163,0)     (0.17501,0)  (-0.0944198,0)    (0.231316,0)     (0.39507,0)    (-0.51525,0)   (-0.130102,0)   (-0.441554,0)
  (-0.358558,0)   (-0.106955,0)    (0.112806,0)   (0.0176123,0)   (-0.312742,0)   (-0.371727,0)    (-0.10969,0)   (-0.156742,0)    (0.247076,0)    (0.155544,0)     (0.33712,0)    (0.171758,0)   (-0.298889,0)  (-0.0927622,0)   (-0.139637,0)    (0.131449,0)    (0.121122,0)   (-0.471265,0)  (-0.0950929,0)   (-0.497365,0)
  (0.0688226,0)   (-0.120525,0)     (-0.1289,0)   (0.0259638,0)  (-0.0671081,0)   (-0.079322,0)    (0.206743,0)  (-0.0275381,0)    (0.112909,0)   (0.0123314,0)    (0.138037,0)   (-0.151214,0)    (-0.33717,0)   (-0.171003,0)   (-0.677699,0)   (-0.301683,0)   (-0.129145,0)     (0.19106,0)  (-0.0947778,0)    (0.457837,0)
  (0.0989832,0)    (0.353272,0)   (0.0878889,0)   (-0.194102,0)     (0.15927,0)    (0.185797,0)   (-0.149693,0)   (-0.440235,0)    (0.413029,0)   (-0.224113,0)    (0.188468,0)   (-0.116784,0)   (-0.232838,0)  (-0.0847985,0)    (0.120918,0)     (0.21661,0)    (0.183132,0)   (0.0237894,0)    (0.147392,0)    (0.159585,0)
  (0.0362051,0)   (-0.362098,0)    (0.135518,0)    (0.115147,0)   (-0.393576,0)     (0.40191,0)   (-0.345662,0)  (-0.0898971,0)    (0.297474,0)  (-0.0345574,0)   (0.0247334,0)  (-0.0337925,0)   (-0.037605,0)   (-0.210214,0)  (-0.0658697,0)   (-0.111629,0)    (0.111912,0)    (0.196697,0)   (-0.312037,0)    (0.157497,0)
  (0.0914831,0) (-0.00819662,0)   (0.0346125,0)   (-0.330433,0)    (0.063656,0)    (0.195806,0)   (0.0153723,0)   (-0.208877,0)   (0.0727531,0)    (0.330065,0)   (-0.214882,0)   (-0.226042,0)   (-0.275462,0)    (-0.39343,0)  (-0.0663031,0)  (-0.0523321,0)   (-0.221023,0)   (0.0410351,0)     (0.17596,0)   (-0.199532,0)
  (-0.116305,0)   (-0.113532,0)  (-0.0165665,0)   (0.0776833,0)   (-0.184448,0)   (-0.181666,0)    (0.478221,0)  (-0.0324153,0)    (0.245947,0)   (-0.483089,0)   (-0.247965,0)   (-0.237882,0)   (-0.342142,0)    (0.324557,0)   (-0.118132,0)    (0.289671,0)    (-0.37374,0)   (-0.169441,0)   (-0.256215,0)   (-0.221134,0)
   (-0.35416,0)  (-0.0580328,0)   (-0.201453,0)   (-0.277722,0)    (0.360767,0)  (-0.0636223,0)   (-0.458182,0)   (-0.248108,0)   (-0.162149,0)   (-0.215163,0)   (-0.219223,0)   (-0.229622,0)    (0.101591,0)    (0.239118,0)   (-0.185566,0)  (-0.0314328,0)   (0.0083922,0)  (-0.0622167,0)  (-0.0945611,0)  (-0.0234806,0)
 (-0.0718165,0)    (0.400592,0)   (-0.316761,0)   (0.0378917,0)   (-0.136552,0)   (-0.337749,0)    (0.169854,0)    (0.094149,0)    (0.317027,0)   (0.0969389,0)   (-0.179915,0)   (-0.293109,0)  (-0.0292537,0)  (-0.0418072,0)     (0.10988,0)    (-0.33922,0)   (0.0988361,0)   (0.0967111,0)   (-0.236269,0)    (0.143978,0)
   (0.171235,0)    (-0.44594,0)   (-0.134528,0)   (-0.426494,0)  (-0.0764082,0)   (0.0152254,0)    (0.249148,0)   (-0.330865,0)    (0.103046,0)   (-0.050414,0)   (0.0233574,0)    (0.349785,0)    (0.105604,0)    (0.111378,0)    (0.117138,0)   (-0.304982,0)   (0.0265867,0)    (0.104622,0) (-0.00108251,0)    (0.172894,0)
   (0.528728,0)    (0.198788,0)   (-0.124012,0)   (-0.108073,0)   (-0.461749,0)  (-0.0985849,0)   (-0.223259,0)   (-0.131749,0)  (-0.0937745,0)   (-0.114625,0)   (-0.284343,0)    (0.277642,0)   (0.0673425,0)  (0.00941552,0)     (-0.2679,0)    (0.190951,0)  (0.00802602,0)  (-0.0499584,0)    (0.067083,0)   (-0.111243,0)
  (0.0933921,0)      (0.3073,0)   (-0.254931,0)   (-0.177963,0)   (0.0354341,0)    (0.282869,0)   (0.0345351,0)   (-0.220409,0)   (-0.111519,0)    (0.146379,0)    (0.348916,0)    (0.158428,0)    (0.205731,0)   (-0.245141,0)  (-0.0634016,0)    (0.354328,0)   (-0.356893,0)  (-0.0152162,0)   (-0.385281,0)   (-0.176982,0)
   (0.208602,0)   (-0.292483,0)   (-0.346696,0)    (0.384685,0)    (0.253911,0)   (-0.387284,0)  (-0.0934118,0)   (-0.108459,0)    (0.245974,0)    (0.121707,0)  (-0.0203855,0)    (0.118873,0)   (-0.198587,0)    (-0.20683,0)    (0.153206,0)    (0.192559,0)   (-0.254169,0)    (0.166574,0)   (-0.175845,0)   (0.0770743,0)
  (-0.154458,0)   (-0.169033,0)   (-0.284481,0)   (-0.432489,0)   (-0.337419,0)    (0.103775,0)   (-0.351716,0)    (0.384918,0)   (-0.132291,0)   (-0.112457,0)    (0.303546,0)  (-0.0961712,0)   (0.0558586,0)  (-0.0399248,0)    (0.322158,0)    (0.103924,0)   (-0.173888,0)    (0.181789,0)    (0.207275,0)    (0.183603,0)

E

  (-8.97509,9.48522)
 (-8.97509,-9.48522)
  (0.143202,5.93676)
 (0.143202,-5.93676)
    (1.1661,3.49208)
   (1.1661,-3.49208)
     (1.372,2.42128)
    (1.372,-2.42128)
    (1.43744,1.8353)
   (1.43744,-1.8353)
   (1.46433,1.46571)
  (1.46433,-1.46571)
   (1.47736,1.21021)
  (1.47736,-1.21021)
   (1.48444,1.02194)
  (1.48444,-1.02194)
  (1.48864,0.876522)
 (1.48864,-0.876522)
   (1.4913,0.760044)
  (1.4913,-0.760044)
  (1.49308,0.663974)
 (1.49308,-0.663974)
  (1.49431,0.582801)
 (1.49431,-0.582801)
  (1.49521,0.512797)
 (1.49521,-0.512797)
  (1.49587,0.451349)
 (1.49587,-0.451349)
  (1.49637,0.396566)
 (1.49637,-0.396566)
  (1.49675,0.347043)
 (1.49675,-0.347043)
  (1.49705,0.301709)
 (1.49705,-0.301709)
   (1.49729,0.25973)
  (1.49729,-0.25973)
  (1.49747,0.220439)
 (1.49747,-0.220439)
  (1.49762,0.183296)
 (1.49762,-0.183296)
  (1.49773,0.147848)
 (1.49773,-0.147848)
  (1.49782,0.113713)
 (1.49782,-0.113713)
 (1.49788,0.0805535)
(1.49788,-0.0805535)
 (1.49794,0.0159793)
(1.49794,-0.0159793)
 (1.49792,0.0480684)
(1.49792,-0.0480684)

   (0.0157504,0.0182329)   (0.0157504,-0.0182329)  (-0.0450922,0.00249932) (-0.0450922,-0.00249932)    (-0.0608531,0.020718)   (-0.0608531,-0.020718)  (-0.0596605,-0.0503414)   (-0.0596605,0.0503414)   (0.0877076,0.00403276)  (0.0877076,-0.00403276)   (0.0935017,-0.0151246)    (0.0935017,0.0151246)   (0.0942365,-0.0325262)    (0.0942365,0.0325262)   (0.0892696,-0.0520343)    (0.0892696,0.0520343)     (0.0127076,0.105267)    (0.0127076,-0.105267)    (-0.0113707,0.107476)   (-0.0113707,-0.107476)   (0.00238587,-0.109621)    (0.00238587,0.109621)    (0.00277218,0.110837)   (0.00277218,-0.110837)    (0.00635075,0.111658)   (0.00635075,-0.111658)    (0.00801863,0.112323)   (0.00801863,-0.112323)  (-0.00786082,-0.112956)   (-0.00786082,0.112956)  (-0.00617029,-0.113563)   (-0.00617029,0.113563)   (-0.0032544,-0.114092)    (-0.0032544,0.114092)  (-0.000519145,0.114468) (-0.000519145,-0.114468)    (0.0047557,-0.114638)     (0.0047557,0.114638)    (0.0187792,-0.113407)     (0.0187792,0.113407)    (-0.0170517,0.113851)   (-0.0170517,-0.113851)    (0.0195292,-0.113584)     (0.0195292,0.113584)    (-0.0475168,0.105102)   (-0.0475168,-0.105102)   (-0.0762505,0.0866667)  (-0.0762505,-0.0866667)  (-0.0792915,-0.0838521)   (-0.0792915,0.0838521)
   (0.0156668,0.0199813)   (0.0156668,-0.0199813) (-0.0465785,-0.00488162)  (-0.0465785,0.00488162)   (-0.0659456,0.0030498)  (-0.0659456,-0.0030498)  (-0.0356504,-0.0712926)   (-0.0356504,0.0712926)    (0.0748504,0.0487574)   (0.0748504,-0.0487574)    (0.0845136,0.0458206)   (0.0845136,-0.0458206)     (0.0909153,0.044032)    (0.0909153,-0.044032)    (0.0970333,0.0389995)   (0.0970333,-0.0389995)   (-0.0850805,0.0652505)  (-0.0850805,-0.0652505)    (-0.104284,0.0324553)   (-0.104284,-0.0324553)     (0.10708,-0.0282807)      (0.10708,0.0282807)    (-0.110183,0.0197885)   (-0.110183,-0.0197885)    (-0.112508,0.0092611)   (-0.112508,-0.0092611)  (-0.113585,-0.00350905)   (-0.113585,0.00350905)     (0.112781,0.0182244)    (0.112781,-0.0182244)     (0.109506,0.0342341)    (0.109506,-0.0342341)     (0.103345,0.0507393)    (0.103345,-0.0507393)  (-0.0941556,-0.0668106)   (-0.0941556,0.0668106)     (0.082118,0.0815219)    (0.082118,-0.0815219)    (0.0594665,0.0995054)   (0.0594665,-0.0995054)   (-0.0480074,-0.105693)    (-0.0480074,0.105693)     (0.0317782,0.111782)    (0.0317782,-0.111782)      (0.012204,-0.11566)       (0.012204,0.11566)   (0.0711454,-0.0921152)    (0.0711454,0.0921152)    (0.0945922,0.0677672)   (0.0945922,-0.0677672)
   (0.0154913,0.0218176)   (0.0154913,-0.0218176)  (-0.0468822,-0.0126836)   (-0.0468822,0.0126836)  (-0.0659208,-0.0158333)   (-0.0659208,0.0158333) (-0.00467521,-0.0812575)  (-0.00467521,0.0812575)     (0.040514,0.0813571)    (0.040514,-0.0813571)    (0.0395027,0.0892218)   (0.0395027,-0.0892218)    (0.0337876,0.0966223)   (0.0337876,-0.0966223)     (0.0291213,0.101757)    (0.0291213,-0.101757)   (-0.100591,-0.0404622)    (-0.100591,0.0404622)  (-0.0718472,-0.0837855)   (-0.0718472,0.0837855)    (0.0573408,0.0960534)   (0.0573408,-0.0960534)   (-0.0366694,-0.106917)    (-0.0366694,0.106917)   (-0.0122195,-0.113291)    (-0.0122195,0.113291)    (0.0152114,-0.113666)     (0.0152114,0.113666)    (-0.0438117,0.106616)   (-0.0438117,-0.106616)   (-0.0709886,0.0914159)  (-0.0709886,-0.0914159)   (-0.0938699,0.0683677)  (-0.0938699,-0.0683677)    (0.109733,-0.0389504)     (0.109733,0.0389504)   (-0.116556,0.00568603)  (-0.116556,-0.00568603)   (-0.110615,-0.0378089)    (-0.110615,0.0378089)    (0.0985875,0.0631115)   (0.0985875,-0.0631115)   (-0.0776391,-0.087769)    (-0.0776391,0.087769)     (0.0249443,0.114585)    (0.0249443,-0.114585)   (-0.0656577,0.0972691)  (-0.0656577,-0.0972691)   (-0.106647,-0.0489068)    (-0.106647,0.0489068)
   (0.0152147,0.0237417)   (0.0152147,-0.0237417)  (-0.0459058,-0.0207214)   (-0.0459058,0.0207214)  (-0.0605011,-0.0344528)   (-0.0605011,0.0344528)   (0.0284005,-0.0781068)    (0.0284005,0.0781068)  (-0.00641065,0.0922476) (-0.00641065,-0.0922476)   (-0.0235773,0.0961896)  (-0.0235773,-0.0961896)   (-0.0448324,0.0935302)  (-0.0448324,-0.0935302)   (-0.0632113,0.0864837)  (-0.0632113,-0.0864837)   (-0.0165655,-0.108382)    (-0.0165655,0.108382)    (0.0490004,-0.100199)     (0.0490004,0.100199)    (-0.0772385,0.082473)   (-0.0772385,-0.082473)    (0.101065,-0.0530139)     (0.101065,0.0530139)    (0.114006,-0.0152248)     (0.114006,0.0152248)     (0.112542,0.0269676)    (0.112542,-0.0269676)   (-0.094682,-0.0675342)    (-0.094682,0.0675342)  (-0.0613521,-0.0993432)   (-0.0613521,0.0993432)   (-0.0168753,-0.115914)    (-0.0168753,0.115914)    (-0.0314955,0.113138)   (-0.0314955,-0.113138)   (0.0750521,-0.0906486)    (0.0750521,0.0906486)     (0.10976,-0.0430032)      (0.10976,0.0430032)   (-0.118037,0.00066036)  (-0.118037,-0.00066036)     (0.108862,0.0459377)    (0.108862,-0.0459377)   (-0.0601655,-0.101792)    (-0.0601655,0.101792)     (0.059804,-0.102102)      (0.059804,0.102102)     (0.114957,0.0279226)    (0.114957,-0.0279226)
   (0.0148271,0.0257533)   (0.0148271,-0.0257533)  (-0.0435798,-0.0287895)   (-0.0435798,0.0287895)  (-0.0498352,-0.0512707)   (-0.0498352,0.0512707)   (0.0581546,-0.0618059)    (0.0581546,0.0618059)   (-0.0531838,0.0776064)  (-0.0531838,-0.0776064)   (-0.0785871,0.0626769)  (-0.0785871,-0.0626769)   (-0.0990667,0.0350926)  (-0.0990667,-0.0350926)   (-0.108369,0.00322239)  (-0.108369,-0.00322239)   (0.0858054,-0.0702117)    (0.0858054,0.0702117)     (0.112589,0.0053758)    (0.112589,-0.0053758)   (-0.101618,-0.0519594)    (-0.101618,0.0519594)     (0.068426,0.0927154)    (0.068426,-0.0927154)      (0.0182756,0.11465)     (0.0182756,-0.11465)    (-0.0386539,0.110205)   (-0.0386539,-0.110205)   (0.0880993,-0.0775079)    (0.0880993,0.0775079)    (0.115535,-0.0229352)     (0.115535,0.0229352)     (0.111375,0.0394408)    (0.111375,-0.0394408)  (-0.0750941,-0.0916003)   (-0.0750941,0.0916003)     (0.0164384,0.117542)    (0.0164384,-0.117542)     (-0.0564299,0.10463)    (-0.0564299,-0.10463)     (0.099522,-0.065291)      (0.099522,0.065291)   (-0.119006,0.00570969)  (-0.119006,-0.00570969)     (0.089831,0.0783915)    (0.089831,-0.0783915)    (-0.0536028,0.106587)   (-0.0536028,-0.106587)  (-0.119151,-0.00555576)   (-0.119151,0.00555576)
   (0.0143185,0.0278514)   (0.0143185,-0.0278514)   (-0.0398672,-0.036666)    (-0.0398672,0.036666)  (-0.0345091,-0.0648126)   (-0.0345091,0.0648126)   (0.0794871,-0.0345104)    (0.0794871,0.0345104)   (-0.0866605,0.0406492)  (-0.0866605,-0.0406492)   (-0.102013,0.00163881)  (-0.102013,-0.00163881)  (-0.0962183,-0.0456433)   (-0.0962183,0.0456433)  (-0.0698987,-0.0845843)   (-0.0698987,0.0845843)     (0.105282,0.0385392)    (0.105282,-0.0385392)      (0.0400643,0.10663)     (0.0400643,-0.10663)    (0.0220761,-0.113148)     (0.0220761,0.113148)   (-0.0820158,0.0825241)  (-0.0820158,-0.0825241)    (-0.115222,0.0213705)   (-0.115222,-0.0213705)   (-0.106656,-0.0501451)    (-0.106656,0.0501451)      (0.055911,0.104359)     (0.055911,-0.104359)    (-0.0190849,0.117283)   (-0.0190849,-0.117283)   (-0.0875627,0.0808461)  (-0.0875627,-0.0808461)   (0.119135,-0.00884527)    (0.119135,0.00884527)  (-0.0986967,-0.0677171)   (-0.0986967,0.0677171)   (-0.0247737,-0.117291)    (-0.0247737,0.117291)    (-0.0484107,0.109829)   (-0.0484107,-0.109829)    (0.105705,-0.0570889)     (0.105705,0.0570889)   (-0.110819,-0.0465959)    (-0.110819,0.0465959)    (0.0470741,-0.110702)     (0.0470741,0.110702)    (0.119005,-0.0173891)     (0.119005,0.0173891)
    (0.013678,0.0300345)    (0.013678,-0.0300345)  (-0.0347665,-0.0441175)   (-0.0347665,0.0441175)  (-0.0155222,-0.0737916)   (-0.0155222,0.0737916) (0.0884841,-0.000299539)  (0.0884841,0.000299539)  (-0.096969,-0.00902637)   (-0.096969,0.00902637)   (-0.082991,-0.0619346)    (-0.082991,0.0619346)   (-0.0364427,-0.101571)    (-0.0364427,0.101571)    (0.0241578,-0.108396)     (0.0241578,0.108396)     (0.0206542,0.111475)    (0.0206542,-0.111475)   (-0.0829175,0.0798469)  (-0.0829175,-0.0798469)     (0.115999,-0.010151)      (0.115999,0.010151)  (-0.0949499,-0.0691731)   (-0.0949499,0.0691731)   (-0.0245081,-0.115721)    (-0.0245081,0.115721)     (0.0613157,-0.10191)      (0.0613157,0.10191)     (-0.115372,0.030958)    (-0.115372,-0.030958)   (-0.104111,-0.0594152)    (-0.104111,0.0594152)   (-0.0309764,-0.116152)    (-0.0309764,0.116152)    (-0.0617899,0.103437)   (-0.0617899,-0.103437)    (0.117555,-0.0274201)     (0.117555,0.0274201)    (0.0955113,0.0741069)   (0.0955113,-0.0741069)   (-0.0192651,-0.119487)    (-0.0192651,0.119487)    (-0.071206,0.0980003)   (-0.071206,-0.0980003)    (0.120842,0.00951191)   (0.120842,-0.00951191)    (-0.0402399,0.114422)   (-0.0402399,-0.114422)    (-0.114454,0.0400726)   (-0.114454,-0.0400726)
   (0.0128946,0.0323005)   (0.0128946,-0.0323005)  (-0.0283148,-0.0509047)   (-0.0283148,0.0509047)   (0.0057722,-0.0772237)    (0.0057722,0.0772237)    (0.0831199,0.0354207)   (0.0831199,-0.0354207)   (-0.080399,-0.0579123)    (-0.080399,0.0579123)    (-0.028288,-0.101227)     (-0.028288,0.101227)   (0.0464648,-0.0989817)    (0.0464648,0.0989817)    (0.101615,-0.0480388)     (0.101615,0.0480388)   (-0.0863929,0.0753628)  (-0.0863929,-0.0753628)   (-0.107275,-0.0449938)    (-0.107275,0.0449938)     (0.0422309,0.109772)    (0.0422309,-0.109772)    (0.0544485,-0.105378)     (0.0544485,0.105378)    (0.116144,-0.0276868)     (0.116144,0.0276868)    (0.0959966,0.0720414)   (0.0959966,-0.0720414)  (-0.00391279,-0.120459)   (-0.00391279,0.120459)   (0.0928841,-0.0774336)    (0.0928841,0.0774336)     (0.118218,0.0269692)    (0.118218,-0.0269692)   (-0.0495212,-0.110973)    (-0.0495212,0.110973)    (-0.0595498,0.106177)   (-0.0595498,-0.106177)   (-0.121796,0.00522828)  (-0.121796,-0.00522828)    (0.0818299,0.0905463)   (0.0818299,-0.0905463)     (0.0219999,-0.12015)      (0.0219999,0.12015)    (-0.118693,0.0291622)   (-0.118693,-0.0291622)    (0.0331237,-0.117725)     (0.0331237,0.117725)    (0.105591,-0.0616509)     (0.105591,0.0616509)
   (0.0119564,0.0346465)   (0.0119564,-0.0346465)   (-0.0205895,-0.056789)    (-0.0205895,0.056789)   (0.0277578,-0.0745251)    (0.0277578,0.0745251)    (0.0636758,0.0667623)   (0.0636758,-0.0667623)  (-0.0406607,-0.0922477)   (-0.0406607,0.0922477)   (0.0400325,-0.0988828)    (0.0400325,0.0988828)    (0.104137,-0.0378393)     (0.104137,0.0378393)     (0.101511,0.0513458)    (0.101511,-0.0513458)   (-0.110068,-0.0363988)    (-0.110068,0.0363988)  (-0.00117364,-0.117552)   (-0.00117364,0.117552)   (-0.0947732,0.0716343)  (-0.0947732,-0.0716343)     (0.113523,0.0381527)    (0.113523,-0.0381527)     (0.0309052,0.116489)    (0.0309052,-0.116489)   (-0.0822003,0.0889563)  (-0.0822003,-0.0889563)     (0.119245,0.0238268)    (0.119245,-0.0238268)     (0.0404126,0.115104)    (0.0404126,-0.115104)   (-0.0796506,0.0928165)  (-0.0796506,-0.0928165)     (0.120291,0.0234916)    (0.120291,-0.0234916)   (-0.0385451,-0.116563)    (-0.0385451,0.116563)   (0.0903129,-0.0834077)    (0.0903129,0.0834077)   (-0.118902,-0.0317453)    (-0.118902,0.0317453)      (0.0323957,0.11883)     (0.0323957,-0.11883)    (0.104389,-0.0655041)     (0.104389,0.0655041)     (-0.0257506,0.12059)    (-0.0257506,-0.12059)    (-0.092674,0.0813071)   (-0.092674,-0.0813071)
   (0.0108514,0.0370691)   (0.0108514,-0.0370691)  (-0.0117093,-0.0615388)   (-0.0117093,0.0615388)   (0.0486736,-0.0655815)    (0.0486736,0.0655815)    (0.0327912,0.0883157)   (0.0327912,-0.0883157)     (0.011897,-0.101876)      (0.011897,0.101876)     (0.09348,-0.0546383)      (0.09348,0.0546383)     (0.101822,0.0472967)    (0.101822,-0.0472967)     (0.0220382,0.113004)    (0.0220382,-0.113004)   (-0.0249808,-0.114539)    (-0.0249808,0.114539)     (0.108615,-0.048128)      (0.108615,0.048128)   (-0.095991,-0.0720062)    (-0.095991,0.0720062)    (-0.0206396,0.119148)   (-0.0206396,-0.119148)    (-0.116755,0.0341615)   (-0.116755,-0.0341615)  (-0.0808433,-0.0916741)   (-0.0808433,0.0916741)    (-0.0508009,0.111681)   (-0.0508009,-0.111681)  (-0.123042,-0.00241499)   (-0.123042,0.00241499)    (-0.0453788,-0.11472)     (-0.0453788,0.11472)    (-0.089144,0.0856384)   (-0.089144,-0.0856384)     (0.113005,0.0505917)    (0.113005,-0.0505917)     (-0.015131,0.123046)    (-0.015131,-0.123046)    (0.118025,-0.0383432)     (0.118025,0.0383432)  (-0.0812739,-0.0939071)   (-0.0812739,0.0939071)   (-0.0791865,0.0957638)  (-0.0791865,-0.0957638)     (0.018147,-0.122998)      (0.018147,0.122998)    (0.0761122,-0.098282)     (0.0761122,0.098282)
    (0.009567,0.0395639)    (0.009567,-0.0395639) (-0.00183395,-0.0649363)  (-0.00183395,0.0649363)   (0.0667498,-0.0507834)    (0.0667498,0.0507834)   (-0.0048752,0.0960717)  (-0.0048752,-0.0960717)   (0.0629599,-0.0832226)    (0.0629599,0.0832226)     (0.108996,0.0140549)    (0.108996,-0.0140549)     (0.0392839,0.106765)    (0.0392839,-0.106765)   (-0.0765983,0.0878119)  (-0.0765983,-0.0878119)   (0.0868321,-0.0807057)    (0.0868321,0.0807057)     (0.088124,0.0815327)    (0.088124,-0.0815327)     (0.0431071,-0.11328)      (0.0431071,0.11328)  (-0.122073,-0.00229866)   (-0.122073,0.00229866)   (-0.0374542,-0.116941)    (-0.0374542,0.116941)     (0.10035,-0.0717237)      (0.10035,0.0717237)  (-0.0980522,-0.0755642)   (-0.0980522,0.0755642)    (0.0456921,-0.115435)     (0.0456921,0.115435)     (0.123711,0.0134431)    (0.123711,-0.0134431)   (-0.0189707,-0.123223)    (-0.0189707,0.123223)    (-0.114538,0.0497228)   (-0.114538,-0.0497228)   (-0.0685558,-0.104544)    (-0.0685558,0.104544)   (-0.0788469,0.0971725)  (-0.0788469,-0.0971725)      (0.114843,0.049933)     (0.114843,-0.049933)     (0.0454782,-0.11675)      (0.0454782,0.11675)    (-0.0103411,0.124932)   (-0.0103411,-0.124932)    (-0.0564581,0.111903)   (-0.0564581,-0.111903)
  (0.00809005,0.0421257)  (0.00809005,-0.0421257)  (0.00883721,-0.0667853)   (0.00883721,0.0667853)   (0.0803523,-0.0310218)    (0.0803523,0.0310218)   (-0.0433361,0.0881493)  (-0.0433361,-0.0881493)   (0.0981308,-0.0405349)    (0.0981308,0.0405349)     (0.078872,0.0788756)    (0.078872,-0.0788756)    (-0.0481392,0.104743)   (-0.0481392,-0.104743)  (-0.117747,-0.00664858)   (-0.117747,0.00664858)     (0.114945,0.0340306)    (0.114945,-0.0340306)    (-0.0403966,0.114402)   (-0.0403966,-0.114402)     (0.121998,0.0102277)    (0.121998,-0.0102277)   (-0.0164537,-0.122174)    (-0.0164537,0.122174)    (0.117044,-0.0407815)     (0.117044,0.0407815)     (0.0616759,0.108121)    (0.0616759,-0.108121)   (0.0967626,-0.0789744)    (0.0967626,0.0789744)    (0.0929774,0.0839096)   (0.0929774,-0.0839096)    (-0.0701629,0.104078)   (-0.0701629,-0.104078)     (0.112683,0.0558053)    (0.112683,-0.0558053)    (0.0408921,-0.119101)     (0.0408921,0.119101)     (0.120893,0.0357618)    (0.120893,-0.0357618)    (0.0134311,-0.125469)     (0.0134311,0.125469)   (-0.126186,0.00468576)  (-0.126186,-0.00468576)   (-0.00656363,0.126166)  (-0.00656363,-0.126166)   (0.00236214,-0.126376)    (0.00236214,0.126376)    (0.0343875,-0.121609)     (0.0343875,0.121609)
  (0.00640709,0.0447485)  (0.00640709,-0.0447485)   (0.0200676,-0.0669175)    (0.0200676,0.0669175)  (0.0881237,-0.00764236)   (0.0881237,0.00764236)   (-0.0762163,0.0651997)  (-0.0762163,-0.0651997)     (0.106971,0.0150405)    (0.106971,-0.0150405)      (0.014474,0.112286)     (0.014474,-0.112286)    (-0.109458,0.0407781)   (-0.109458,-0.0407781)  (-0.0678378,-0.0982093)   (-0.0678378,0.0982093)     (0.0295524,0.117564)    (0.0295524,-0.117564)   (-0.122326,0.00829147)  (-0.122326,-0.00829147)     (0.0241228,0.121283)    (0.0241228,-0.121283)     (0.119396,-0.035183)      (0.119396,0.035183)     (0.0441415,0.117063)    (0.0441415,-0.117063)    (-0.114888,0.0507893)   (-0.114888,-0.0507893)     (0.0553617,0.113207)    (0.0553617,-0.113207)    (-0.112106,0.0582693)   (-0.112106,-0.0582693)   (-0.0598897,-0.111548)    (-0.0598897,0.111548)    (-0.111396,0.0606208)   (-0.111396,-0.0606208)     (0.0608596,0.111463)    (0.0608596,-0.111463)    (-0.116334,0.0512775)   (-0.116334,-0.0512775)     (0.0574424,0.113539)    (0.0574424,-0.113539)     (0.11268,-0.0592894)      (0.11268,0.0592894)   (-0.0336705,-0.122856)    (-0.0336705,0.122856)    (0.00575946,0.127314)   (0.00575946,-0.127314)     (-0.010677,0.126977)    (-0.010677,-0.126977)
  (0.00450423,0.0474251)  (0.00450423,-0.0474251)   (0.0315872,-0.0651998)    (0.0315872,0.0651998)    (0.0891097,0.0176398)   (0.0891097,-0.0176398)   (-0.0977986,0.0304061)  (-0.0977986,-0.0304061)     (0.086071,0.0683442)    (0.086071,-0.0683442)   (-0.0579904,0.0992047)  (-0.0579904,-0.0992047)    (-0.107744,-0.048992)     (-0.107744,0.048992)    (0.0363244,-0.115214)     (0.0363244,0.115214)    (-0.0871118,0.086242)   (-0.0871118,-0.086242)   (-0.0566434,-0.110197)    (-0.0566434,0.110197)    (-0.111002,0.0572689)   (-0.111002,-0.0572689)     (0.0534471,0.113747)    (0.0534471,-0.113747)    (-0.116996,0.0475325)   (-0.116996,-0.0475325)    (-0.039164,-0.120562)     (-0.039164,0.120562)    (-0.123938,0.0283858)   (-0.123938,-0.0283858)    (-0.015519,-0.126509)     (-0.015519,0.126509)  (0.127704,-0.000997625)   (0.127704,0.000997625)    (0.0145779,-0.127077)     (0.0145779,0.127077)   (-0.124388,-0.0305086)    (-0.124388,0.0305086)    (0.0560959,-0.115282)     (0.0560959,0.115282)   (-0.110874,-0.0645763)    (-0.110874,0.0645763)    (-0.0765875,0.103042)   (-0.0765875,-0.103042)     (0.0711381,0.106946)    (0.0711381,-0.106946)    (-0.013992,-0.127736)     (-0.013992,0.127736)   (-0.0138234,-0.127736)    (-0.0138234,0.127736)
   (0.0023672,0.0501474)   (0.0023672,-0.0501474)   (0.0430977,-0.0615404)    (0.0430977,0.0615404)    (0.0828587,0.0428601)   (0.0828587,-0.0428601)   (-0.104004,-0.0109386)    (-0.104004,0.0109386)     (0.0402572,0.104322)    (0.0402572,-0.104322)     (-0.10811,0.0437624)    (-0.10811,-0.0437624)   (-0.0423234,-0.112217)    (-0.0423234,0.112217)    (0.114621,-0.0425533)     (0.114621,0.0425533)   (-0.119907,-0.0314241)    (-0.119907,0.0314241)    (0.079593,-0.0966589)     (0.079593,0.0966589)  (-0.0865755,-0.0917696)   (-0.0865755,0.0917696)    (-0.105304,0.0708059)   (-0.105304,-0.0708059)   (-0.0509526,-0.116842)    (-0.0509526,0.116842)    (0.125061,-0.0269096)     (0.125061,0.0269096)  (0.000582195,-0.128285)   (0.000582195,0.128285)     (0.125039,0.0299657)    (0.125039,-0.0299657)    (-0.0591532,0.114431)   (-0.0591532,-0.114431)    (0.0964073,0.0857239)   (0.0964073,-0.0857239)    (0.107328,-0.0718586)     (0.107328,0.0718586)      (0.0319736,0.12527)     (0.0319736,-0.12527)   (0.129237,-0.00615888)    (0.129237,0.00615888)    (0.0246936,-0.127081)     (0.0246936,0.127081)   (-0.101967,-0.0798504)    (-0.101967,0.0798504)       (0.022303,0.12763)      (0.022303,-0.12763)     (0.0382203,0.123781)    (0.0382203,-0.123781)
 (-1.86212e-05,0.052906) (-1.86212e-05,-0.052906)   (0.0542786,-0.0558946)    (0.0542786,0.0558946)    (0.0694869,0.0659517)   (0.0694869,-0.0659517)  (-0.0931438,-0.0522243)   (-0.0931438,0.0522243)    (-0.0184761,0.112258)   (-0.0184761,-0.112258)   (-0.114009,-0.0318657)    (-0.114009,0.0318657)     (0.0498552,-0.11083)      (0.0498552,0.11083)     (0.105208,0.0651452)    (0.105208,-0.0651452)   (-0.0343758,-0.120541)    (-0.0343758,0.120541)     (0.121546,0.0351814)    (0.121546,-0.0351814)    (0.0649203,-0.109657)     (0.0649203,0.109657)  (-0.0868324,-0.0942132)   (-0.0868324,0.0942132)      (0.1166,-0.0543997)       (0.1166,0.0543997)     (0.0141446,0.128316)    (0.0141446,-0.128316)     (0.125901,0.0300406)    (0.125901,-0.0300406)    (-0.0724347,0.107602)   (-0.0724347,-0.107602)   (-0.0743047,-0.106591)    (-0.0743047,0.106591)    (-0.126646,0.0298404)   (-0.126646,-0.0298404)    (-0.0195066,0.128791)   (-0.0195066,-0.128791)    (-0.106252,-0.075554)     (-0.106252,0.075554)    (-0.105984,0.0760863)   (-0.105984,-0.0760863)     (0.0329693,0.126306)    (0.0329693,-0.126306)     (0.122899,0.0441494)    (0.122899,-0.0441494)   (-0.0306589,-0.126989)    (-0.0306589,0.126989)   (-0.0616091,-0.115179)    (-0.0616091,0.115179)
 (-0.00266815,0.0556904) (-0.00266815,-0.0556904)    (0.064794,-0.0482694)     (0.064794,0.0482694)     (0.0496991,0.084909)    (0.0496991,-0.084909)  (-0.0662983,-0.0865687)   (-0.0662983,0.0865687)   (-0.0740835,0.0889372)  (-0.0740835,-0.0889372)  (-0.0718571,-0.0962962)   (-0.0718571,0.0962962)    (0.115043,-0.0439215)     (0.115043,0.0439215)     (0.0133094,0.124531)    (0.0133094,-0.124531)   (0.0872205,-0.0919731)    (0.0872205,0.0919731)     (0.0159897,0.126869)    (0.0159897,-0.126869)     (0.124569,0.0324141)    (0.124569,-0.0324141)    (0.0806837,-0.101123)     (0.0806837,0.101123)     (0.0578719,0.116267)    (0.0578719,-0.116267)  (-0.130271,0.000994937) (-0.130271,-0.000994937)    (-0.0584347,0.116792)   (-0.0584347,-0.116792)    (-0.0761393,-0.10642)     (-0.0761393,0.10642)    (0.130057,-0.0161924)     (0.130057,0.0161924)    (0.0488209,-0.121811)     (0.0488209,0.121811)   (-0.0826209,-0.102132)    (-0.0826209,0.102132)    (0.131004,-0.0111155)     (0.131004,0.0111155)    (0.0479591,-0.122508)     (0.0479591,0.122508)   (-0.0850557,-0.100454)    (-0.0850557,0.100454)  (-0.131631,-0.00334444)   (-0.131631,0.00334444)     (0.0390255,0.125805)    (0.0390255,-0.125805)     (0.0831075,0.102172)    (0.0831075,-0.102172)
 (-0.00559656,0.0584888) (-0.00559656,-0.0584888)   (0.0743017,-0.0387275)    (0.0743017,0.0387275)    (0.0247639,0.0979549)   (0.0247639,-0.0979549)   (-0.0272597,-0.107953)    (-0.0272597,0.107953)    (-0.110834,0.0398121)   (-0.110834,-0.0398121)   (0.00196446,-0.121935)    (0.00196446,0.121935)     (0.114002,0.0507287)    (0.114002,-0.0507287)   (-0.0912308,0.0879985)  (-0.0912308,-0.0879985)     (0.124951,0.0285683)    (0.124951,-0.0285683)    (-0.111332,0.0656048)   (-0.111332,-0.0656048)    (0.00330304,0.129971)   (0.00330304,-0.129971)     (0.113306,0.0649874)    (0.113306,-0.0649874)     (-0.115842,0.061367)    (-0.115842,-0.061367)      (0.012407,-0.13088)       (0.012407,0.13088)   (-0.101321,-0.0842383)    (-0.101321,0.0842383)     (0.12744,-0.0344137)      (0.12744,0.0344137)    (-0.0467001,0.123675)   (-0.0467001,-0.123675)     (0.0722035,0.110926)    (0.0722035,-0.110926)    (0.132243,0.00795888)   (0.132243,-0.00795888)   (-0.0935613,0.0939395)  (-0.0935613,-0.0939395)     (0.0266005,0.129969)    (0.0266005,-0.129969)     (0.121136,0.0542359)    (0.121136,-0.0542359)    (0.127068,-0.0384829)     (0.127068,0.0384829)    (-0.047368,-0.124076)     (-0.047368,0.124076)   (-0.101889,-0.0851678)    (-0.101889,0.0851678)
 (-0.00881922,0.0612878) (-0.00881922,-0.0612878)   (0.0824614,-0.0273896)    (0.0824614,0.0273896)   (-0.00355987,0.103699)  (-0.00355987,-0.103699)     (0.017987,-0.112259)      (0.017987,0.112259)    (-0.11774,-0.0222239)     (-0.11774,0.0222239)   (0.0771828,-0.0967662)    (0.0771828,0.0967662)     (0.0455742,0.117938)    (0.0455742,-0.117938)   (-0.126987,-0.0182238)    (-0.126987,0.0182238)      (0.039458,0.123462)     (0.039458,-0.123462)   (-0.105429,-0.0770601)    (-0.105429,0.0770601)    (-0.125247,0.0394832)   (-0.125247,-0.0394832)    (-0.0474524,0.123053)   (-0.0474524,-0.123053)   (-0.0648829,-0.115324)    (-0.0648829,0.115324)     (0.130112,0.0259237)    (0.130112,-0.0259237)    (0.106035,-0.0801931)     (0.106035,0.0801931)    (-0.0124369,0.132585)   (-0.0124369,-0.132585)  (-0.0884097,-0.0998243)   (-0.0884097,0.0998243)  (-0.133406,-0.00474764)   (-0.133406,0.00474764)   (-0.0958821,0.0930463)  (-0.0958821,-0.0930463)    (0.0107661,-0.133267)     (0.0107661,0.133267)  (-0.0937855,-0.0953932)   (-0.0937855,0.0953932)   (-0.133784,0.00351824)  (-0.133784,-0.00351824)    (-0.109454,0.0770789)   (-0.109454,-0.0770789)     (0.0556511,0.121799)    (0.0556511,-0.121799)     (0.117212,0.0647288)    (0.117212,-0.0647288)
   (-0.0123517,0.064073)   (-0.0123517,-0.064073)   (0.0889445,-0.0144353)    (0.0889445,0.0144353)      (-0.03314,0.101273)     (-0.03314,-0.101273)   (0.0621665,-0.0980431)    (0.0621665,0.0980431)  (-0.0918133,-0.0801972)   (-0.0918133,0.0801972)    (0.122021,-0.0299029)     (0.122021,0.0299029)    (-0.0516123,0.117262)   (-0.0516123,-0.117262)   (-0.0643293,-0.112783)    (-0.0643293,0.112783)   (-0.0871459,0.0978999)  (-0.0871459,-0.0978999)     (0.0293216,-0.12867)      (0.0293216,0.12867)   (-0.0732861,-0.110562)    (-0.0732861,0.110562)   (-0.130087,-0.0284566)    (-0.130087,0.0284566)    (0.114712,-0.0684175)     (0.114712,0.0684175)     (-0.0394139,0.12795)    (-0.0394139,-0.12795)      (0.054429,0.122597)     (0.054429,-0.122597)   (-0.120918,-0.0585306)    (-0.120918,0.0585306)    (0.130651,-0.0319609)     (0.130651,0.0319609)    (0.0812827,-0.107331)     (0.0812827,0.107331)  (-0.00405437,-0.134682)   (-0.00405437,0.134682)     (0.0785766,0.109564)    (0.0785766,-0.109564)     (0.131677,0.0292903)    (0.131677,-0.0292903)    (0.120096,-0.0615414)     (0.120096,0.0615414)    (0.0803704,-0.108449)     (0.0803704,0.108449)   (-0.0638391,-0.118974)    (-0.0638391,0.118974)   (-0.128453,-0.0415541)    (-0.128453,0.0415541)
  (-0.0162095,0.0668279)  (-0.0162095,-0.0668279) (0.0934445,-0.000102735)  (0.0934445,0.000102735)   (-0.0616248,0.0904279)  (-0.0616248,-0.0904279)   (0.0978714,-0.0668825)    (0.0978714,0.0668825)   (-0.0391827,-0.117679)    (-0.0391827,0.117679)     (0.116594,0.0516279)    (0.116594,-0.0516279)     (-0.120904,0.047283)    (-0.120904,-0.047283)     (0.050148,-0.121464)      (0.050148,0.121464)   (-0.130072,-0.0254524)    (-0.130072,0.0254524)    (0.131135,-0.0242784)     (0.131135,0.0242784)    (0.0868721,-0.102001)     (0.0868721,0.102001)   (0.00841962,-0.134189)    (0.00841962,0.134189)     (0.0719685,0.114004)    (0.0719685,-0.114004)   (-0.124392,-0.0527342)    (-0.124392,0.0527342)     (-0.13295,0.0253124)    (-0.13295,-0.0253124)     (0.0979777,-0.09363)      (0.0979777,0.09363)    (-0.0329075,0.131619)   (-0.0329075,-0.131619)     (0.0414298,0.129316)    (0.0414298,-0.129316)     (0.103034,0.0885966)    (0.103034,-0.0885966)   (-0.131876,-0.0330934)    (-0.131876,0.0330934)    (-0.127489,0.0474266)   (-0.127489,-0.0474266)    (-0.0823486,0.108324)   (-0.0823486,-0.108324)    (-0.0425946,0.129268)   (-0.0425946,-0.129268)     (0.0718962,0.115604)    (0.0718962,-0.115604)     (0.135128,0.0164559)    (0.135128,-0.0164559)
  (-0.0204084,0.0695347)  (-0.0204084,-0.0695347)    (0.0956867,0.0153136)   (0.0956867,-0.0153136)   (-0.0866241,0.0715919)  (-0.0866241,-0.0715919)     (0.11879,-0.0232472)      (0.11879,0.0232472)     (0.0263052,-0.12342)      (0.0263052,0.12342)     (0.0616809,0.113779)    (0.0616809,-0.113779)   (-0.120613,-0.0525061)    (-0.120613,0.0525061)    (0.128203,-0.0353914)     (0.128203,0.0353914)   (-0.0448058,-0.126314)    (-0.0448058,0.126314)     (0.0750038,0.111974)    (0.0750038,-0.111974)     (0.123264,0.0558604)    (0.123264,-0.0558604)    (0.135206,-0.0122062)     (0.135206,0.0122062)    (-0.113198,0.0755336)   (-0.113198,-0.0755336)      (0.06574,-0.119449)       (0.06574,0.119449)   (0.00567166,-0.136432)    (0.00567166,0.136432)     (0.0539228,0.125632)    (0.0539228,-0.125632)   (-0.101984,-0.0912508)    (-0.101984,0.0912508)   (-0.130735,-0.0408059)    (-0.130735,0.0408059)    (-0.136051,0.0164464)   (-0.136051,-0.0164464)    (0.123046,-0.0604892)     (0.123046,0.0604892)    (0.0818741,-0.110049)     (0.0818741,0.110049)    (0.0276279,-0.134396)     (0.0276279,0.134396) (-0.000160915,-0.137236)  (-0.000160915,0.137236)   (-0.0797865,-0.111695)    (-0.0797865,0.111695)   (-0.136914,0.00966912)  (-0.136914,-0.00966912)
  (-0.0249638,0.0721738)  (-0.0249638,-0.0721738)    (0.0954385,0.0314671)   (0.0954385,-0.0314671)    (-0.105902,0.0458691)   (-0.105902,-0.0458691)     (0.120806,0.0261235)    (0.120806,-0.0261235)   (0.0867053,-0.0946907)    (0.0867053,0.0946907)     (-0.020982,0.129675)    (-0.020982,-0.129675)   (-0.0490498,-0.123942)    (-0.0490498,0.123942)     (0.107923,0.0804463)    (0.107923,-0.0804463)    (0.0868757,-0.104023)     (0.0868757,0.104023)    (-0.0738955,0.114408)   (-0.0738955,-0.114408)    (-0.0198213,0.135249)   (-0.0198213,-0.135249)     (0.0329456,0.133053)    (0.0329456,-0.133053)   (-0.0791104,-0.112295)    (-0.0791104,0.112295)     (0.113148,0.0782878)    (0.113148,-0.0782878)     (0.132736,0.0369123)    (0.132736,-0.0369123)   (-0.137759,0.00663913)  (-0.137759,-0.00663913)    (0.129382,-0.0481053)     (0.129382,0.0481053)    (0.109488,-0.0842156)     (0.109488,0.0842156)    (0.0803019,-0.112483)     (0.0803019,0.112483)    (-0.0552566,0.126745)   (-0.0552566,-0.126745)    (-0.0089311,0.138025)   (-0.0089311,-0.138025)     (0.0334914,0.134235)    (0.0334914,-0.134235)     (0.0436135,0.131324)    (0.0436135,-0.131324)     (0.0874743,0.107253)    (0.0874743,-0.107253)    (0.133664,-0.0358714)     (0.133664,0.0358714)
  (-0.0298912,0.0747238)  (-0.0298912,-0.0747238)     (0.092519,0.0479643)    (0.092519,-0.0479643)    (-0.117568,0.0149879)   (-0.117568,-0.0149879)     (0.102777,0.0732472)    (0.102777,-0.0732472)    (0.124871,-0.0383511)     (0.124871,0.0383511)   (-0.0972635,0.0911939)  (-0.0972635,-0.0911939)    (0.0534099,-0.124058)     (0.0534099,0.124058)    (0.00277091,0.136206)   (0.00277091,-0.136206)     (0.135262,0.0220652)    (0.135262,-0.0220652)   (-0.135736,-0.0227919)    (-0.135736,0.0227919)    (-0.136825,0.0185086)   (-0.136825,-0.0185086)    (-0.127719,0.0533117)   (-0.127719,-0.0533117)    (0.111291,-0.0826966)     (0.111291,0.0826966)    (-0.0902359,0.105532)   (-0.0902359,-0.105532)    (-0.0667559,0.121929)   (-0.0667559,-0.121929)    (0.0423271,-0.132538)     (0.0423271,0.132538)    (-0.0179038,0.138078)   (-0.0179038,-0.138078)    (0.00599872,0.139185)   (0.00599872,-0.139185)      (0.029124,0.136303)     (0.029124,-0.136303)   (-0.0400908,-0.133544)    (-0.0400908,0.133544)   (-0.0681364,-0.121697)    (-0.0681364,0.121697)   (-0.0889884,-0.107435)    (-0.0889884,0.107435)    (-0.083338,-0.111903)     (-0.083338,0.111903)   (-0.0949239,-0.102289)    (-0.0949239,0.102289)    (-0.125413,0.0611825)   (-0.125413,-0.0611825)
  (-0.0352057,0.0771613)  (-0.0352057,-0.0771613)    (0.0868079,0.0643727)   (0.0868079,-0.0643727)   (-0.120253,-0.0188068)    (-0.120253,0.0188068)     (0.0668524,0.110175)    (0.0668524,-0.110175)     (0.129299,0.0307426)    (0.129299,-0.0307426)    (-0.134702,0.0129744)   (-0.134702,-0.0129744)    (0.127054,-0.0508766)     (0.127054,0.0508766)    (-0.107106,0.0868316)   (-0.107106,-0.0868316)     (0.0504259,0.129088)    (0.0504259,-0.129088)   (-0.0331652,-0.135079)    (-0.0331652,0.135079)   (-0.0561567,-0.127656)    (-0.0561567,0.127656)   (-0.0728166,-0.119269)    (-0.0728166,0.119269)     (0.0862896,0.110187)    (0.0862896,-0.110187)   (-0.0966561,-0.101447)    (-0.0966561,0.101447)   (-0.104456,-0.0935936)    (-0.104456,0.0935936)     (0.110329,0.0867633)    (0.110329,-0.0867633)   (-0.114801,-0.0808983)    (-0.114801,0.0808983)   (-0.118332,-0.0757664)    (-0.118332,0.0757664)   (-0.121294,-0.0710342)    (-0.121294,0.0710342)     (0.117891,0.0766298)    (0.117891,-0.0766298)     (0.124397,0.0656146)    (0.124397,-0.0656146)     (0.127757,0.0588682)    (0.127757,-0.0588682)     (0.115216,0.0807327)    (0.115216,-0.0807327)       (0.1021,0.0968146)      (0.1021,-0.0968146)    (0.112384,-0.0846511)     (0.112384,0.0846511)
   (-0.040922,0.0794612)   (-0.040922,-0.0794612)    (0.0782533,0.0802294)   (0.0782533,-0.0802294)   (-0.113245,-0.0529093)    (-0.113245,0.0529093)     (0.0182546,0.130319)    (0.0182546,-0.130319)    (0.0975597,0.0936286)   (0.0975597,-0.0936286)   (-0.116288,-0.0730942)    (-0.116288,0.0730942)     (0.127598,0.0543235)    (0.127598,-0.0543235)   (-0.135917,-0.0316331)    (-0.135917,0.0316331)    (-0.0863967,0.110342)   (-0.0863967,-0.110342)    (0.112078,-0.0848287)     (0.112078,0.0848287)    (0.108247,-0.0901442)     (0.108247,0.0901442)     (0.10784,-0.0909837)      (0.10784,0.0909837)     (-0.108981,0.089887)    (-0.108981,-0.089887)    (0.111788,-0.0865924)     (0.111788,0.0865924)    (0.115947,-0.0811242)     (0.115947,0.0811242)    (-0.120924,0.0736611)   (-0.120924,-0.0736611)     (0.12617,-0.0644114)      (0.12617,0.0644114)    (0.131144,-0.0537064)     (0.131144,0.0537064)    (0.135397,-0.0419886)     (0.135397,0.0419886)    (-0.140661,0.0178736)   (-0.140661,-0.0178736)     (-0.14125,0.0126964)    (-0.14125,-0.0126964)   (-0.141823,0.00219376)  (-0.141823,-0.00219376)   (-0.135861,-0.0407984)    (-0.135861,0.0407984)   (-0.108969,-0.0908438)    (-0.108969,0.0908438)    (-0.0949787,0.105378)   (-0.0949787,-0.105378)
   (-0.0470543,0.081596)   (-0.0470543,-0.081596)    (0.0668785,0.0950521)   (0.0668785,-0.0950521)  (-0.0965891,-0.0845462)   (-0.0965891,0.0845462)    (-0.0354584,0.129606)   (-0.0354584,-0.129606)      (0.037298,0.132423)     (0.037298,-0.132423)   (-0.0481253,-0.130839)    (-0.0481253,0.130839)     (0.0527651,0.130241)    (0.0527651,-0.130241)   (-0.0591633,-0.128248)    (-0.0591633,0.128248)   (-0.140515,-0.0183951)    (-0.140515,0.0183951)     (0.123567,0.0700604)    (0.123567,-0.0700604)       (0.11772,0.079919)      (0.11772,-0.079919)     (0.107358,0.0936452)    (0.107358,-0.0936452)   (-0.0934862,-0.107673)    (-0.0934862,0.107673)     (0.0754253,0.121134)    (0.0754253,-0.121134)      (0.053067,0.132548)     (0.053067,-0.132548)   (-0.0269545,-0.140273)    (-0.0269545,0.140273)   (-0.00184222,0.142878)  (-0.00184222,-0.142878)    (-0.0317354,0.139362)   (-0.0317354,-0.139362)    (-0.0608395,0.129371)   (-0.0608395,-0.129371)    (0.0965874,-0.105434)     (0.0965874,0.105434)    (0.112565,-0.0882063)     (0.112565,0.0882063)    (0.127983,-0.0638429)     (0.127983,0.0638429)   (0.142978,-0.00396828)    (0.142978,0.00396828)     (0.115496,0.0843937)    (0.115496,-0.0843937)    (0.0737695,-0.122551)     (0.0737695,0.122551)
  (-0.0536164,0.0835361)  (-0.0536164,-0.0835361)      (0.052787,0.108351)     (0.052787,-0.108351)   (-0.0711203,-0.110994)    (-0.0711203,0.110994)    (-0.0855541,0.107265)   (-0.0855541,-0.107265)     (-0.0355598,0.13538)    (-0.0355598,-0.13538)    (0.0424528,-0.134979)     (0.0424528,0.134979)    (-0.0552469,0.131237)   (-0.0552469,-0.131237)    (0.0657142,-0.126945)     (0.0657142,0.126945)   (-0.0563248,-0.131771)    (-0.0563248,0.131771)    (-0.0155681,0.142701)   (-0.0155681,-0.142701)    (-0.0447235,0.136582)   (-0.0447235,-0.136582)    (-0.0769645,0.121519)   (-0.0769645,-0.121519)     (0.10626,-0.0970846)      (0.10626,0.0970846)    (-0.129366,0.0632531)   (-0.129366,-0.0632531)    (-0.142414,0.0216883)   (-0.142414,-0.0216883)     (0.142082,0.0240143)    (0.142082,-0.0240143)   (-0.126637,-0.0688221)    (-0.126637,0.0688221)    (-0.096595,-0.107006)     (-0.096595,0.107006)     (-0.0549365,-0.1333)      (-0.0549365,0.1333)   (-0.00560271,0.144084)  (-0.00560271,-0.144084)    (-0.0468807,0.136373)   (-0.0468807,-0.136373)    (-0.0885146,0.113856)   (-0.0885146,-0.113856)    (-0.135615,0.0490768)   (-0.135615,-0.0490768)   (-0.121648,-0.0774831)    (-0.121648,0.0774831)    (-0.0494774,0.135474)   (-0.0494774,-0.135474)
   (-0.060621,0.0852499)   (-0.060621,-0.0852499)     (0.0361656,0.119641)    (0.0361656,-0.119641)    (-0.038441,-0.129806)     (-0.038441,0.129806)     (-0.12353,0.0660966)    (-0.12353,-0.0660966)      (-0.100989,0.10041)     (-0.100989,-0.10041)    (0.117806,-0.0821435)     (0.117806,0.0821435)    (-0.133506,0.0547174)   (-0.133506,-0.0547174)    (0.142252,-0.0263587)     (0.142252,0.0263587)    (0.0856957,-0.116858)     (0.0856957,0.116858)    (-0.138651,0.0426555)   (-0.138651,-0.0426555)  (-0.145069,-0.00529305)   (-0.145069,0.00529305)   (-0.133089,-0.0581435)    (-0.133089,0.0581435)       (0.10068,0.104743)      (0.10068,-0.104743)   (-0.0501864,-0.136379)    (-0.0501864,0.136379)    (0.0114061,-0.144898)     (0.0114061,0.144898)     (-0.072823,0.125809)    (-0.072823,-0.125809)    (0.120958,-0.0806514)     (0.120958,0.0806514)    (0.144317,-0.0176531)     (0.144317,0.0176531)      (0.136617,0.049773)     (0.136617,-0.049773)   (-0.0896002,-0.114523)    (-0.0896002,0.114523)    (-0.0351167,-0.14111)     (-0.0351167,0.14111)    (0.0308215,-0.142114)     (0.0308215,0.142114)     (0.114282,-0.089927)      (0.114282,0.089927)     (0.127394,0.0701335)    (0.127394,-0.0701335)      (0.0229498,-0.1436)       (0.0229498,0.1436)
  (-0.0680803,0.0867033)  (-0.0680803,-0.0867033)     (0.0172854,0.128458)    (0.0172854,-0.128458) (-0.000830965,-0.139025)  (-0.000830965,0.139025)    (-0.142541,0.0121572)   (-0.142541,-0.0121572)    (-0.140348,0.0360028)   (-0.140348,-0.0360028)    (0.145598,0.00703522)   (0.145598,-0.00703522)   (-0.134977,-0.0561798)    (-0.134977,0.0561798)     (0.109434,0.0972829)    (0.109434,-0.0972829)     (0.145826,0.0144308)    (0.145826,-0.0144308)   (-0.0950648,-0.111595)    (-0.0950648,0.111595)   (-0.0353526,-0.142302)    (-0.0353526,0.142302)    (0.0375844,-0.141744)     (0.0375844,0.141744)      (-0.10312,0.104268)     (-0.10312,-0.104268)    (0.142073,-0.0363472)     (0.142073,0.0363472)     (0.139736,0.0444908)    (0.139736,-0.0444908)   (-0.0932103,-0.113211)    (-0.0932103,0.113211)     (0.0151008,0.145863)    (0.0151008,-0.145863)    (-0.0691252,0.129325)   (-0.0691252,-0.129325)     (-0.12999,0.0678597)    (-0.12999,-0.0678597)      (0.14359,0.0297238)     (0.14359,-0.0297238)      (0.107102,0.100151)     (0.107102,-0.100151)     (0.0339537,0.142645)    (0.0339537,-0.142645)    (-0.0809227,0.122277)   (-0.0809227,-0.122277)   (-0.132702,-0.0623682)    (-0.132702,0.0623682)    (0.00486864,0.146547)   (0.00486864,-0.146547)
   (-0.076005,0.0878598)   (-0.076005,-0.0878598)   (-0.00349922,0.134369)  (-0.00349922,-0.134369)     (0.038902,-0.137373)      (0.038902,0.137373)   (-0.138611,-0.0461092)    (-0.138611,0.0461092)   (-0.141663,-0.0407819)    (-0.141663,0.0407819)     (0.112637,0.0959292)    (0.112637,-0.0959292)    (-0.0567355,-0.13685)     (-0.0567355,0.13685)   (-0.00974276,0.147873)  (-0.00974276,-0.147873)     (0.0625089,0.134352)    (0.0625089,-0.134352)    (0.0655164,-0.132872)     (0.0655164,0.132872)    (0.128271,-0.0740368)     (0.128271,0.0740368)     (0.147224,0.0157384)    (0.147224,-0.0157384)    (-0.107848,-0.101391)     (-0.107848,0.101391)     (0.0218682,0.146366)    (0.0218682,-0.146366)    (-0.0758094,0.127065)   (-0.0758094,-0.127065)    (0.139881,-0.0481517)     (0.139881,0.0481517)   (-0.137267,-0.0551058)    (-0.137267,0.0551058)   (-0.0666289,-0.132039)    (-0.0666289,0.132039)    (0.0378995,-0.142943)     (0.0378995,0.142943)    (-0.129864,0.0707173)   (-0.129864,-0.0707173)   (-0.145554,-0.0260133)    (-0.145554,0.0260133)    (-0.0930761,-0.11488)     (-0.0930761,0.11488)     (0.0387443,-0.14268)      (0.0387443,0.14268)     (0.137544,0.0542128)    (0.137544,-0.0542128)   (-0.0329702,-0.144121)    (-0.0329702,0.144121)
  (-0.0844048,0.0886804)  (-0.0844048,-0.0886804)    (-0.0257542,0.136992)   (-0.0257542,-0.136992)    (0.0776231,-0.124392)     (0.0776231,0.124392)   (-0.111414,-0.0991777)    (-0.111414,0.0991777)    (-0.103229,-0.108809)     (-0.103229,0.108809)     (0.0310328,0.146925)    (0.0310328,-0.146925)    (0.0571222,-0.138821)     (0.0571222,0.138821)    (-0.124202,0.0840813)   (-0.124202,-0.0840813)    (-0.0847587,0.123569)   (-0.0847587,-0.123569)    (0.149518,0.00762782)   (0.149518,-0.00762782)      (0.107673,0.103854)     (0.107673,-0.103854)    (0.00690432,0.149338)   (0.00690432,-0.149338)    (0.0995546,-0.111416)     (0.0995546,0.111416)   (-0.149186,0.00689107)  (-0.149186,-0.00689107)    (-0.107422,-0.103668)     (-0.107422,0.103668)   (-0.00384221,0.149189)  (-0.00384221,-0.149189)    (0.113716,-0.0965866)     (0.113716,0.0965866)      (0.147595,0.021591)     (0.147595,-0.021591)     (0.0806466,0.125453)    (0.0806466,-0.125453)    (0.0538364,-0.139059)     (0.0538364,0.139059)    (0.137436,-0.0578101)     (0.137436,0.0578101)     (0.134719,0.0638534)    (0.134719,-0.0638534)    (0.00809413,0.148856)   (0.00809413,-0.148856)    (-0.14189,-0.0456949)     (-0.14189,0.0456949)      (0.0603196,0.13632)     (0.0603196,-0.13632)
  (-0.0932879,0.0891237)  (-0.0932879,-0.0891237)    (-0.0489718,0.136004)   (-0.0489718,-0.136004)     (0.112109,-0.100523)      (0.112109,0.100523)   (-0.0644913,-0.137983)    (-0.0644913,0.137983)    (-0.0344436,-0.14866)     (-0.0344436,0.14866)    (-0.0661617,0.137307)   (-0.0661617,-0.137307)    (0.140276,-0.0588214)     (0.140276,0.0588214)    (-0.14434,-0.0470011)     (-0.14434,0.0470011)   (-0.151185,-0.0101604)    (-0.151185,0.0101604)       (0.0527517,0.1418)      (0.0527517,-0.1418)     (-0.0707622,0.13351)    (-0.0707622,-0.13351)      (-0.14797,0.029825)     (-0.14797,-0.029825)      (0.11497,0.0976104)     (0.11497,-0.0976104)   (0.00843442,-0.150475)    (0.00843442,0.150475)    (0.126526,-0.0817243)     (0.126526,0.0817243)   (-0.139643,-0.0562658)    (-0.139643,0.0562658)     (0.0327264,0.146892)    (0.0327264,-0.146892)      (-0.10341,0.109271)     (-0.10341,-0.109271)   (-0.148264,-0.0252929)    (-0.148264,0.0252929)     (0.0492098,0.142094)    (0.0492098,-0.142094)     (-0.0845962,0.12429)    (-0.0845962,-0.12429)  (-0.150327,0.000697855) (-0.150327,-0.000697855)   (-0.0548877,-0.139935)    (-0.0548877,0.139935)     (0.145715,0.0368442)    (0.145715,-0.0368442)   (-0.0858923,-0.123346)    (-0.0858923,0.123346)
   (-0.102661,0.0891457)   (-0.102661,-0.0891457)    (-0.0725794,0.131163)   (-0.0725794,-0.131163)    (0.139306,-0.0671256)     (0.139306,0.0671256)  (-0.00481989,-0.155451)   (-0.00481989,0.155451)     (0.0464353,-0.14815)      (0.0464353,0.14815)    (-0.138301,0.0693141)   (-0.138301,-0.0693141)     (0.142772,0.0580739)    (0.142772,-0.0580739)   (-0.0521173,-0.144526)    (-0.0521173,0.144526)   (-0.0689845,-0.136818)    (-0.0689845,0.136818)     (-0.110477,0.105694)    (-0.110477,-0.105694)   (-0.149354,-0.0314275)    (-0.149354,0.0314275)   (-0.0524884,-0.143085)    (-0.0524884,0.143085)    (-0.0955578,0.118506)   (-0.0955578,-0.118506)     (0.150192,0.0239522)    (0.150192,-0.0239522)      (0.0512264,0.14308)     (0.0512264,-0.14308)     (0.102444,-0.112126)      (0.102444,0.112126)   (-0.146473,-0.0398607)    (-0.146473,0.0398607)      (-0.030199,-0.1487)       (-0.030199,0.1487)    (0.119686,-0.0931832)     (0.119686,0.0931832)    (-0.13048,-0.0772651)     (-0.13048,0.0772651)   (0.00342468,-0.151569)    (0.00342468,0.151569)    (0.136367,-0.0661916)     (0.136367,0.0661916)     (0.0968578,0.116577)    (0.0968578,-0.116577)   (-0.148994,-0.0276922)    (-0.148994,0.0276922)      (0.108712,0.105591)     (0.108712,-0.105591)
   (-0.112528,0.0886996)   (-0.112528,-0.0886996)     (-0.0959503,0.12231)    (-0.0959503,-0.12231)    (0.156592,-0.0264114)     (0.156592,0.0264114)    (0.0582003,-0.147759)     (0.0582003,0.147759)     (0.117112,-0.106004)      (0.117112,0.106004)   (-0.154113,-0.0300526)    (-0.154113,0.0300526)     (0.0609773,0.143784)    (0.0609773,-0.143784)     (0.083097,-0.131427)      (0.083097,0.131427)    (0.0835715,-0.130475)     (0.0835715,0.130475)   (-0.142288,-0.0602256)    (-0.142288,0.0602256)   (-0.0111789,-0.153756)    (-0.0111789,0.153756)    (0.134729,-0.0743549)     (0.134729,0.0743549)   (-0.122021,-0.0933963)    (-0.122021,0.0933963)    (-0.0395012,0.148311)   (-0.0395012,-0.148311)    (-0.152338,0.0174608)   (-0.152338,-0.0174608)     (0.0698279,0.136378)    (0.0698279,-0.136378)       (0.10444,-0.11197)        (0.10444,0.11197)     (0.140217,0.0613144)    (0.140217,-0.0613144)    (-0.0120359,0.152498)   (-0.0120359,-0.152498)    (0.150763,-0.0255903)     (0.150763,0.0255903)     (0.0802236,0.130138)    (0.0802236,-0.130138)    (-0.0951128,0.119648)   (-0.0951128,-0.119648)   (-0.129638,-0.0809252)    (-0.129638,0.0809252)      (0.151704,0.018272)     (0.151704,-0.018272)    (-0.12789,-0.0836336)     (-0.12789,0.0836336)
    (-0.122893,0.087736)    (-0.122893,-0.087736)      (-0.118417,0.10939)     (-0.118417,-0.10939)      (0.16201,0.0186883)     (0.16201,-0.0186883)     (0.114211,-0.115117)      (0.114211,0.115117)    (0.157374,-0.0325967)     (0.157374,0.0325967)    (-0.105208,-0.119705)     (-0.105208,0.119705)    (-0.0590346,0.146832)   (-0.0590346,-0.146832)    (0.156633,-0.0152549)     (0.156633,0.0152549)    (0.156584,0.00557217)   (0.156584,-0.00557217)  (-0.00104967,-0.156138)   (-0.00104967,0.156138)    (0.146138,-0.0537674)     (0.146138,0.0537674)     (0.0948932,0.123033)    (0.0948932,-0.123033)    (0.0911253,-0.125514)     (0.0911253,0.125514)   (-0.144823,-0.0549171)    (-0.144823,0.0549171)    (0.0178392,-0.153677)     (0.0178392,0.153677)    (-0.153526,0.0178797)   (-0.153526,-0.0178797)     (0.0508156,0.145847)    (0.0508156,-0.145847)     (-0.13191,0.0801468)    (-0.13191,-0.0801468)    (-0.105353,-0.112696)     (-0.105353,0.112696)    (-0.0993309,0.117956)   (-0.0993309,-0.117956)    (-0.139255,-0.066129)     (-0.139255,0.066129)    (0.0342946,-0.150257)     (0.0342946,0.150257)     (0.149728,0.0364154)    (0.149728,-0.0364154)  (-0.153825,-0.00861874)   (-0.153825,0.00861874)     (0.142654,0.0582154)    (0.142654,-0.0582154)
   (-0.133755,0.0862028)   (-0.133755,-0.0862028)    (-0.139287,0.0924559)   (-0.139287,-0.0924559)     (0.154469,0.0647231)    (0.154469,-0.0647231)    (0.153578,-0.0618992)     (0.153578,0.0618992)     (0.154841,0.0525478)    (0.154841,-0.0525478)    (-0.010321,-0.161425)     (-0.010321,0.161425)    (-0.147377,0.0632055)   (-0.147377,-0.0632055)      (0.109496,0.115671)     (0.109496,-0.115671)     (0.0757575,0.139156)    (0.0757575,-0.139156)    (0.144471,-0.0634533)     (0.144471,0.0634533)     (0.0929834,0.126855)    (0.0929834,-0.126855)     (-0.108206,0.113593)    (-0.108206,-0.113593)      (0.12898,0.0887445)     (0.12898,-0.0887445)     (0.070034,-0.139735)      (0.070034,0.139735)     (0.146883,0.0528276)    (0.146883,-0.0528276)    (0.0372665,-0.151406)     (0.0372665,0.151406)   (-0.154045,-0.0232265)    (-0.154045,0.0232265)    (0.0103618,-0.155328)     (0.0103618,0.155328)   (0.155572,-0.00178038)    (0.155572,0.00178038) (-0.000447846,-0.155508)  (-0.000447846,0.155508)    (0.154105,-0.0204091)     (0.154105,0.0204091)     (0.0343472,0.151563)    (0.0343472,-0.151563)    (-0.154865,0.0125555)   (-0.154865,-0.0125555)   (0.155337,-0.00123115)    (0.155337,0.00123115)   (-0.152385,-0.0302198)    (-0.152385,0.0302198)
   (-0.145112,0.0840452)   (-0.145112,-0.0840452)     (-0.15786,0.0716745)    (-0.15786,-0.0716745)      (0.133877,0.107978)     (0.133877,-0.107978)    (0.169033,0.00390388)   (0.169033,-0.00390388)      (0.108721,0.125923)     (0.108721,-0.125923)    (0.0917952,-0.136116)     (0.0917952,0.136116)   (-0.151005,-0.0600041)    (-0.151005,0.0600041)    (-0.0243962,0.159346)   (-0.0243962,-0.159346)    (-0.0821195,0.137573)   (-0.0821195,-0.137573)      (0.116693,0.108674)     (0.116693,-0.108674)     (-0.0971905,0.12567)    (-0.0971905,-0.12567)   (-0.129977,-0.0905377)    (-0.129977,0.0905377)    (-0.0862536,0.132416)   (-0.0862536,-0.132416)      (0.133071,0.084686)     (0.133071,-0.084686)    (-0.0856418,0.132172)   (-0.0856418,-0.132172)     (0.129946,0.0886371)    (0.129946,-0.0886371)    (0.0931557,-0.126548)     (0.0931557,0.126548)     (0.122165,0.0986282)    (0.122165,-0.0986282)       (-0.1045,0.117041)      (-0.1045,-0.117041)      (0.101702,0.119369)     (0.101702,-0.119369)     (-0.119213,0.101783)    (-0.119213,-0.101783)   (-0.0973229,-0.122816)    (-0.0973229,0.122816)    (0.144275,-0.0610616)     (0.144275,0.0610616)    (-0.156225,0.0112397)   (-0.156225,-0.0112397)    (0.156639,0.00063978)   (0.156639,-0.00063978)
   (-0.156959,0.0812054)   (-0.156959,-0.0812054)    (-0.173446,0.0473337)   (-0.173446,-0.0473337)      (0.101207,0.144761)     (0.101207,-0.144761)      (0.15698,0.0718636)     (0.15698,-0.0718636)      (0.030437,0.166503)     (0.030437,-0.166503)    (0.158161,-0.0524635)     (0.158161,0.0524635)   (-0.0655083,-0.151057)    (-0.0655083,0.151057)    (-0.142472,0.0795009)   (-0.142472,-0.0795009) (-0.162015,-0.000654099)  (-0.162015,0.000654099)    (-0.0541504,0.151774)   (-0.0541504,-0.151774)    (-0.14912,-0.0592707)     (-0.14912,0.0592707)    (0.0703898,-0.143614)     (0.0703898,0.143614)    (-0.13582,-0.0836523)     (-0.13582,0.0836523)    (-0.0987093,0.124874)   (-0.0987093,-0.124874)    (-0.110181,-0.114501)     (-0.110181,0.114501)    (-0.129616,0.0915402)   (-0.129616,-0.0915402)     (0.0691307,0.142632)    (0.0691307,-0.142632)    (-0.152232,0.0436112)   (-0.152232,-0.0436112)    (-0.0160569,-0.15742)     (-0.0160569,0.15742)   (-0.156061,-0.0255657)    (-0.156061,0.0255657)    (0.0450611,-0.151507)     (0.0450611,0.151507)     (0.142041,0.0692165)    (0.142041,-0.0692165)     (-0.118776,0.104142)    (-0.118776,-0.104142)    (0.156474,-0.0213677)     (0.156474,0.0213677)    (-0.155168,0.0294565)   (-0.155168,-0.0294565)
    (-0.169288,0.077623)    (-0.169288,-0.077623)    (-0.185386,0.0198415)   (-0.185386,-0.0198415)       (0.058471,0.17171)      (0.058471,-0.17171)      (0.118253,0.130747)     (0.118253,-0.130747)    (-0.0591488,0.161735)   (-0.0591488,-0.161735)     (0.159624,0.0559073)    (0.159624,-0.0559073)    (0.0609823,-0.155294)     (0.0609823,0.155294)   (-0.152031,-0.0644445)    (-0.152031,0.0644445)   (-0.0828338,-0.141351)    (-0.0828338,0.141351)     (-0.16251,0.0104829)    (-0.16251,-0.0104829)     (0.015915,-0.161301)      (0.015915,0.161301)      (0.154128,0.048189)     (0.154128,-0.048189)    (0.0809405,-0.139188)     (0.0809405,0.139188)    (-0.115202,-0.111944)     (-0.115202,0.111944)    (0.137803,-0.0819459)     (0.137803,0.0819459)   (-0.0407856,-0.154796)    (-0.0407856,0.154796)   (-0.159787,-0.0053705)    (-0.159787,0.0053705)     (0.052295,-0.150909)      (0.052295,0.150909)     (0.128128,0.0951275)    (0.128128,-0.0951275)     (0.13675,-0.0820452)      (0.13675,0.0820452)     (0.0449561,0.152919)    (0.0449561,-0.152919) (-0.159323,-0.000985046)  (-0.159323,0.000985046)    (0.0807238,-0.137308)     (0.0807238,0.137308)    (-0.156072,0.0315748)   (-0.156072,-0.0315748)    (0.147931,-0.0589638)     (0.147931,0.0589638)
   (-0.182087,0.0732348)   (-0.182087,-0.0732348)   (-0.193075,-0.0102757)    (-0.193075,0.0102757)    (0.00861609,0.186083)   (0.00861609,-0.186083)     (0.0581687,0.170355)    (0.0581687,-0.170355)     (-0.135267,0.111364)    (-0.135267,-0.111364)     (0.0936055,0.143898)    (0.0936055,-0.143898)    (0.154826,-0.0678879)     (0.154826,0.0678879)    (-0.042958,-0.161507)     (-0.042958,0.161507)    (0.0803873,-0.144862)     (0.0803873,0.144862)   (-0.0747566,-0.146609)    (-0.0747566,0.146609)    (0.161024,-0.0295719)     (0.161024,0.0295719)    (-0.0244192,0.161211)   (-0.0244192,-0.161211)      (0.142518,0.078118)     (0.142518,-0.078118)      (0.124234,-0.10413)       (0.124234,0.10413)      (0.0488537,0.15421)     (0.0488537,-0.15421)     (0.160687,0.0160662)    (0.160687,-0.0160662)     (0.079921,-0.140068)      (0.079921,0.140068)     (0.0942003,0.130668)    (0.0942003,-0.130668)    (-0.157983,0.0306873)   (-0.157983,-0.0306873)    (-0.0517517,0.152264)   (-0.0517517,-0.152264)    (-0.121904,-0.104747)     (-0.121904,0.104747)    (0.145279,-0.0685845)     (0.145279,0.0685845)    (-0.0337937,0.157007)   (-0.0337937,-0.157007)    (0.155011,-0.0418195)     (0.155011,0.0418195)    (-0.135099,0.0867806)   (-0.135099,-0.0867806)
   (-0.195339,0.0679749)   (-0.195339,-0.0679749)   (-0.195977,-0.0423788)    (-0.195977,0.0423788)    (-0.0446678,0.186016)   (-0.0446678,-0.186016)    (-0.0141723,0.183265)   (-0.0141723,-0.183265)    (-0.176062,0.0279378)   (-0.176062,-0.0279378)     (-0.014003,0.173672)    (-0.014003,-0.173672)     (0.159701,0.0619688)    (0.159701,-0.0619688)     (0.102355,-0.134659)      (0.102355,0.134659)    (0.167468,-0.0046059)     (0.167468,0.0046059)     (0.106134,-0.128038)      (0.106134,0.128038)     (0.0736506,0.148059)    (0.0736506,-0.148059)   (-0.16463,0.000389475)  (-0.16463,-0.000389475)    (-0.0751849,0.145806)   (-0.0751849,-0.145806)     (0.0917503,0.135433)    (0.0917503,-0.135433)    (-0.162727,0.0125731)   (-0.162727,-0.0125731)    (-0.0718751,0.146197)   (-0.0718751,-0.146197)     (0.0874183,0.137178)    (0.0874183,-0.137178)   (-0.162453,0.00195514)  (-0.162453,-0.00195514)      (0.0846181,-0.1385)       (0.0846181,0.1385)   (-0.0594206,-0.150896)    (-0.0594206,0.150896)     (0.160601,0.0217855)    (0.160601,-0.0217855)      (-0.102172,0.12571)     (-0.102172,-0.12571)   (-0.0173702,-0.161003)    (-0.0173702,0.161003)    (-0.153283,0.0520597)   (-0.153283,-0.0520597)     (0.117054,-0.111849)      (0.117054,0.111849)
   (-0.209026,0.0617746)   (-0.209026,-0.0617746)   (-0.193651,-0.0757252)    (-0.193651,0.0757252)    (-0.0972085,0.170726)   (-0.0972085,-0.170726)    (-0.0872377,0.166186)   (-0.0872377,-0.166186)    (-0.16883,-0.0662691)     (-0.16883,0.0662691)     (-0.118935,0.130876)    (-0.118935,-0.130876)     (0.0703468,0.158686)    (0.0703468,-0.158686)   (0.171179,-0.00187531)    (0.171179,0.00187531)     (0.0902189,0.143389)    (0.0902189,-0.143389)     (0.161285,0.0472545)    (0.161285,-0.0472545)      (-0.12317,0.112821)     (-0.12317,-0.112821)    (-0.025672,-0.164231)     (-0.025672,0.164231)   (-0.149048,-0.0721412)    (-0.149048,0.0721412)    (-0.145401,0.0781701)   (-0.145401,-0.0781701)    (0.0250277,-0.162761)     (0.0250277,0.162761)    (-0.112813,-0.119508)     (-0.112813,0.119508)    (-0.163519,0.0135135)   (-0.163519,-0.0135135)    (0.0925964,-0.135187)     (0.0925964,0.135187)     (0.0455585,0.157214)    (0.0455585,-0.157214)     (0.144075,0.0773832)    (0.144075,-0.0773832)     (-0.14785,0.0696396)    (-0.14785,-0.0696396)    (0.0380688,-0.158847)     (0.0380688,0.158847)     (0.0676143,0.148626)    (0.0676143,-0.148626)    (0.150885,-0.0622524)     (0.150885,0.0622524)    (-0.0943765,0.133196)   (-0.0943765,-0.133196)
   (-0.223123,0.0545627)   (-0.223123,-0.0545627)    (-0.185768,-0.109482)     (-0.185768,0.109482)     (-0.144666,0.140632)    (-0.144666,-0.140632)     (-0.148883,0.120686)    (-0.148883,-0.120686)    (-0.113916,-0.145171)     (-0.113916,0.145171)     (-0.176722,0.031425)    (-0.176722,-0.031425)    (-0.0629634,0.164231)   (-0.0629634,-0.164231)      (0.107842,0.135605)     (0.107842,-0.135605)    (-0.0783594,0.152339)   (-0.0783594,-0.152339)     (0.0206881,0.168576)    (0.0206881,-0.168576)   (-0.143899,-0.0880763)    (-0.143899,0.0880763)     (0.15995,-0.0508413)      (0.15995,0.0508413)     (0.068987,-0.152243)      (0.068987,0.152243)   (-0.0635112,-0.154011)    (-0.0635112,0.154011)     (0.154157,0.0619769)    (0.154157,-0.0619769)    (0.152748,-0.0644567)     (0.152748,0.0644567)    (0.0648235,-0.152277)     (0.0648235,0.152277)     (0.0578548,0.154806)    (0.0578548,-0.154806)   (-0.148043,-0.0730225)    (-0.148043,0.0730225)      (-0.161301,0.03436)     (-0.161301,-0.03436)    (0.0869216,-0.140012)     (0.0869216,0.140012)     (0.0346619,0.161018)    (0.0346619,-0.161018)    (-0.111793,-0.120866)     (-0.111793,0.120866)    (-0.147817,0.0723541)   (-0.147817,-0.0723541)     (0.0678297,-0.14997)      (0.0678297,0.14997)
   (-0.237601,0.0462654)   (-0.237601,-0.0462654)    (-0.172127,-0.142742)     (-0.172127,0.142742)     (-0.182881,0.097387)    (-0.182881,-0.097387)    (-0.188348,0.0531331)   (-0.188348,-0.0531331)   (-0.0250706,-0.186064)    (-0.0250706,0.186064)   (-0.161494,-0.0843213)    (-0.161494,0.0843213)    (-0.162639,0.0728875)   (-0.162639,-0.0728875)    (-0.0413506,0.170409)   (-0.0413506,-0.170409)      (-0.172931,0.01022)     (-0.172931,-0.01022)    (-0.148155,0.0866542)   (-0.148155,-0.0866542)    (0.0453353,-0.164272)     (0.0453353,0.164272)     (0.0753013,0.151813)    (0.0753013,-0.151813)     (0.155385,0.0657227)    (0.155385,-0.0657227)    (0.161145,-0.0479094)     (0.161145,0.0479094)    (-0.0963015,0.137216)   (-0.0963015,-0.137216)    (0.00702799,0.167103)   (0.00702799,-0.167103)      (0.105412,0.129445)     (0.105412,-0.129445)   (-0.161294,-0.0420345)    (-0.161294,0.0420345)    (0.155072,-0.0605515)     (0.155072,0.0605515)     (0.101723,-0.131572)      (0.101723,0.131572)    (0.00322937,0.166148)   (0.00322937,-0.166148)    (-0.101732,-0.131275)     (-0.101732,0.131275)     (0.145294,0.0803016)    (0.145294,-0.0803016)    (0.144079,-0.0823212)     (0.144079,0.0823212)    (-0.0383307,0.161474)   (-0.0383307,-0.161474)
   (-0.252426,0.0368065)   (-0.252426,-0.0368065)    (-0.152672,-0.174543)     (-0.152672,0.174543)    (-0.208221,0.0438115)   (-0.208221,-0.0438115)   (-0.198111,-0.0261556)    (-0.198111,0.0261556)    (0.0739412,-0.176125)     (0.0739412,0.176125)   (-0.0774904,-0.167891)    (-0.0774904,0.167891)   (-0.168885,-0.0639658)    (-0.168885,0.0639658)    (-0.161844,0.0728273)   (-0.161844,-0.0728273)    (-0.097918,-0.145255)     (-0.097918,0.145255)    (-0.139697,-0.102808)     (-0.139697,0.102808)   (0.172119,-0.00184162)    (0.172119,0.00184162)    (-0.139935,0.0984611)   (-0.139935,-0.0984611)    (-0.0623484,0.158473)   (-0.0623484,-0.158473)     (0.0315127,0.166702)    (0.0315127,-0.166702)    (-0.112688,-0.126133)     (-0.112688,0.126133)   (-0.160408,-0.0523123)    (-0.160408,0.0523123)    (-0.165078,0.0332065)   (-0.165078,-0.0332065)      (0.128224,-0.10872)       (0.128224,0.10872)    (-0.0604028,0.156647)   (-0.0604028,-0.156647)    (0.00748169,0.167545)   (0.00748169,-0.167545)   (-0.0938496,-0.138826)    (-0.0938496,0.138826)     (0.149739,0.0749843)    (0.149739,-0.0749843)   (-0.164518,-0.0308607)    (-0.164518,0.0308607)    (-0.139675,0.0921096)   (-0.139675,-0.0921096)   (0.00692224,-0.167194)    (0.00692224,0.167194)
   (-0.267558,0.0261074)   (-0.267558,-0.0261074)    (-0.127508,-0.203891)     (-0.127508,0.203891)   (-0.217909,-0.0162758)    (-0.217909,0.0162758)    (-0.175277,-0.104468)     (-0.175277,0.104468)      (0.155661,-0.11636)       (0.155661,0.11636)     (0.0418287,-0.18296)      (0.0418287,0.18296)   (-0.0755125,-0.166687)    (-0.0755125,0.166687)   (-0.158733,-0.0840684)    (-0.158733,0.0840684)    (0.0760197,-0.160001)     (0.0760197,0.160001)    (0.0395024,-0.170773)     (0.0395024,0.170773)      (0.0498286,0.16657)     (0.0498286,-0.16657)    (-0.119749,-0.124526)     (-0.119749,0.124526)   (-0.161502,-0.0588647)    (-0.161502,0.0588647)    (-0.170593,0.0144804)   (-0.170593,-0.0144804)    (0.149806,-0.0817375)     (0.149806,0.0817375)     (0.106033,-0.133146)      (0.106033,0.133146)    (0.0479829,-0.162928)     (0.0479829,0.162928)     (0.0153539,0.168856)    (0.0153539,-0.168856)    (-0.075542,-0.151529)     (-0.075542,0.151529)     (-0.11496,-0.124047)      (-0.11496,0.124047)      (0.15555,0.0660082)     (0.15555,-0.0660082)  (-0.168837,-0.00287176)   (-0.168837,0.00287176)    (0.167264,-0.0225564)     (0.167264,0.0225564)     (0.134615,-0.101675)      (0.134615,0.101675)     (0.0252654,0.166822)    (0.0252654,-0.166822)
   (-0.282951,0.0140876)   (-0.282951,-0.0140876)   (-0.0969009,-0.229786)    (-0.0969009,0.229786)   (-0.210297,-0.0783146)    (-0.210297,0.0783146)    (-0.122261,-0.168713)     (-0.122261,0.168713)    (0.196525,-0.0218048)     (0.196525,0.0218048)     (0.147054,-0.121087)      (0.147054,0.121087)    (0.0649756,-0.173669)     (0.0649756,0.173669)   (-0.0314426,-0.179054)    (-0.0314426,0.179054)    (0.178395,-0.0162004)     (0.178395,0.0162004)    (0.174279,-0.0316786)     (0.174279,0.0316786)    (-0.147788,0.0948626)   (-0.147788,-0.0948626)     (0.105879,-0.138627)      (0.105879,0.138627)      (0.055272,-0.16447)       (0.055272,0.16447)    (0.0030186,-0.172747)     (0.0030186,0.172747)     (0.0458917,0.165955)    (0.0458917,-0.165955)     (0.0884273,0.147186)    (0.0884273,-0.147186)      (0.122835,0.119425)     (0.122835,-0.119425)   (-0.148241,-0.0852533)    (-0.148241,0.0852533)     (0.164206,0.0468316)    (0.164206,-0.0468316)     (0.169312,0.0205239)    (0.169312,-0.0205239)    (-0.167827,0.0294476)   (-0.167827,-0.0294476)    (0.154751,-0.0710182)     (0.154751,0.0710182)    (-0.152977,0.0745618)   (-0.152977,-0.0745618)     (-0.128906,0.110975)    (-0.128906,-0.110975)   (-0.0570541,-0.160271)    (-0.0570541,0.160271)
 (-0.298553,0.000664327) (-0.298553,-0.000664327)   (-0.0612926,-0.251247)    (-0.0612926,0.251247)    (-0.185064,-0.137336)     (-0.185064,0.137336)   (-0.0466093,-0.207585)    (-0.0466093,0.207585)     (0.183617,0.0821991)    (0.183617,-0.0821991)   (0.193247,-0.00612366)    (0.193247,0.00612366)    (0.170832,-0.0782247)     (0.170832,0.0782247)     (0.123529,-0.136359)      (0.123529,0.136359)      (0.105936,0.146932)     (0.105936,-0.146932)     (0.0991352,0.149049)    (0.0991352,-0.149049)    (-0.133337,-0.116987)     (-0.133337,0.116987)     (0.154602,0.0843706)    (0.154602,-0.0843706)     (0.167373,0.0515709)    (0.167373,-0.0515709)     (0.173108,0.0208072)    (0.173108,-0.0208072)   (-0.173586,0.00696501)  (-0.173586,-0.00696501)    (-0.170303,0.0316448)   (-0.170303,-0.0316448)    (-0.164328,0.0534661)   (-0.164328,-0.0534661)     (0.156317,-0.072885)      (0.156317,0.072885)    (-0.146567,0.0904017)   (-0.146567,-0.0904017)     (-0.14366,0.0945614)    (-0.14366,-0.0945614)     (0.125868,-0.116957)      (0.125868,0.116957)     (-0.109723,0.132053)    (-0.109723,-0.132053)     (0.122832,-0.119822)      (0.122832,0.119822)     (0.122564,-0.119965)      (0.122564,0.119965)      (0.0872608,0.14768)     (0.0872608,-0.14768)
  (-0.330055,-0.0324796)    (-0.330055,0.0324796)    (0.0237971,-0.269843)     (0.0237971,0.269843)   (-0.0824566,-0.209063)    (-0.0824566,0.209063)     (0.099697,-0.163181)      (0.099697,0.163181)     (0.0309653,0.162734)    (0.0309653,-0.162734)      (0.065584,0.130024)     (0.065584,-0.130024)    (0.0843477,0.0985189)   (0.0843477,-0.0985189)    (0.0964214,0.0660203)   (0.0964214,-0.0660203)    (-0.0860595,0.062576)   (-0.0860595,-0.062576)    (-0.087273,0.0441607)   (-0.087273,-0.0441607)    (0.073962,-0.0524674)     (0.073962,0.0524674)    (-0.0632256,0.056404)   (-0.0632256,-0.056404)   (-0.0541129,0.0585503)  (-0.0541129,-0.0585503)   (-0.0467208,0.0593167)  (-0.0467208,-0.0593167)   (0.0408926,-0.0591851)    (0.0408926,0.0591851)   (0.0363463,-0.0585543)    (0.0363463,0.0585543)    (0.032805,-0.0576916)     (0.032805,0.0576916)   (-0.0299889,0.0567888)  (-0.0299889,-0.0567888)   (0.0276366,-0.0559813)    (0.0276366,0.0559813)    (0.030132,-0.0529916)     (0.030132,0.0529916)   (-0.0253199,0.0541462)  (-0.0253199,-0.0541462)   (0.0226379,-0.0543231)    (0.0226379,0.0543231)   (-0.0321239,0.0485002)  (-0.0321239,-0.0485002)    (-0.0393528,0.041936)   (-0.0393528,-0.041936)  (-0.0354499,-0.0455628)   (-0.0354499,0.0455628)
